0.9978717793949162
0.3400082743390852
0.16738293232959955
0.10656640921232928
0.10574905063081312
0.07578956424633365
0.06227049317521623
0.04807956727631913
0.046002031877548685
0.0374077612019444
0.03406253109188339
0.02854435642271587
0.027410175691076715
0.02355593079235357
0.02215975143201419
0.019349074800800767
0.018713163279444736
0.016572116552113252
0.015840555516941125
0.014198277019749782
0.013811855517535105
0.012516040183776162
0.01206367032953369
0.011012471691823043
0.010788418841909597
0.01007910092679953
0.009925387137570024
0.01053972192575804
0.010712675612345941
0.011273309891651933
0.011421250956872884
0.012132556493715346
0.01230730800446811
0.012936787743082469
0.013101548743287702
0.013827330698100158
0.014006997356332658
0.014640787121027805
0.014845436997682976
0.014908576169468016
0.015155080848561186
0.01513537752270045
0.015482493006164406
0.071321757027478
0.07752845533477147
0.17986705871542713
0.3965840269846048
4.943601102183202
5.52670029018561
42.62725925298572
886.0370022765262
8843.55273784538
10075.569045751396
92798.57542338388
1584381.6866908525
22439918.478075452
22625279.46588069
81290559.44625762
92304220.94168909
3584019980.758361
