0.7000778334356687
0.7000778176527026
0.047710081244856185
0.04771181843775166
0.04771184981383852
0.047713340773568744
0.045821829947260785
0.045823319361760415
0.026915220913392206
0.026916799080523825
0.01813272206144942
0.01813493048128604
0.015246975637590199
0.015250588804201048
0.014309506327474906
0.014313657494501328
0.01108134266344355
0.011085707590662727
0.009027523325757087
0.009032709950107598
0.00795663068677368
0.007963496888009956
0.007520905481842951
0.007528819352236145
0.0065034157660564034
0.006512145506877868
0.005973445695723866
0.005982171562786649
0.005667029913193185
0.005674948413840409
0.005783267221999667
0.005787589306191738
0.0059313013441943795
0.005932431905617155
0.006295997536989564
0.006296860772047822
