0.7000778334356687
0.7000778198146738
0.2879786299040715
0.28797862939391317
0.3220342082585272
0.3220342666470821
0.25895312612502835
0.25895314706757017
0.18457204711696606
0.18457208481552148
0.1537189674776219
0.1537191599528872
0.17734734168034164
0.17734753372277165
0.17748183514172025
0.17748197901337043
0.15551211020212846
0.15551236966234255
0.14468574967376938
0.14468612601474934
0.15390946598717792
0.1539097717769919
0.15614062911415857
0.15614090690497084
0.14540701761764033
0.1454073892606634
0.13951856326045212
0.13951902689966172
0.14477453910743251
0.14477496116844601
0.14639483954198668
0.1463952231480063
0.14012979876431242
0.14013025108060645
0.13637043903364304
0.13637096453228492
