0.7592158144709977
0.75937404672083
0.09941248765044536
0.09947798031745726
0.09937028918947349
0.09927918083604778
0.09396839149230982
0.09374805190565358
0.07239349841454938
0.07214403513287412
0.05919000619548308
0.05915355774074345
0.052702960068740805
0.052744851415738626
0.04814152128304441
0.04805340903249468
0.042082955384429445
0.04219965783950221
0.03744648536433429
0.03758741898255907
0.03465694387884811
0.0347172905589058
0.032211438488161166
0.032175486664112914
0.029909287527433298
0.029815447851291782
0.027460892703462064
0.027357998378300996
0.026120455628954743
0.026063382245410785
0.024512626343902708
0.024525970624152838
0.0233293915954891
0.023396821894469556
0.021829704551689363
0.02191124656532072
