0,0,0.24580614464786982
1,-1,2.5407435037093045
1,1,-1.7990364961097267
2,-2,0.9881295039466117
2,0,0.13285924261771692
2,2,0.5926215818755828
3,-3,0.08420013469875956
3,-1,-0.08774795804895384
3,1,-0.030234248772471505
3,3,0.3365648356208078
4,-4,1.1237750170969311e-07
4,-2,-0.061474982720415586
4,0,-0.017179787287868516
4,2,-0.036759736780124536
4,4,-0.00021604359671513257
5,-5,5.1479284560080716e-08
5,-3,-0.006603219711288939
5,-1,-0.13715798969386683
5,1,0.1043103198520153
5,3,-0.02626630988701719
5,5,-0.00020020418295311218
6,-6,3.093552336107384e-08
6,-4,1.887529720009812e-07
6,-2,-0.06850623418597689
6,0,-0.0191811178860352
6,2,-0.0411321374619007
6,4,0.00015958974567502015
6,6,-0.0001865315379021662
7,-7,2.1497393326568358e-08
7,-5,8.273427649252562e-08
7,-3,-0.007107925510603855
7,-1,-0.14753474645497472
7,1,0.11222147185424289
7,3,-0.028484705465777603
7,5,0.0001644640219202662
7,7,-0.000174675543904178
8,-8,1.6803873288780172e-08
8,-6,4.77085382184366e-08
8,-4,1.9834568701622677e-07
8,-2,-0.07159096314445172
8,0,-0.020024046909734246
8,2,-0.04291633671272726
8,4,-6.648381062796123e-05
8,6,0.0001661554296393726
8,8,-0.00016430454617626946
9,-9,1.4761176574019444e-08
9,-7,3.200642395529993e-08
9,-5,8.380653325494821e-08
9,-3,-0.007245091116553646
9,-1,-0.1502323846100238
9,1,0.11427915288725035
9,3,-0.028926245922233848
9,5,-7.708492181462967e-05
9,7,0.00016600327904920376
9,9,-0.0001551506575824742
10,-10,1.4678122984332422e-08
10,-8,2.4280373350434874e-08
10,-6,4.72367563180888e-08
10,-4,2.270755270570059e-07
10,-2,-0.07126162889700605
10,0,-0.019934079002081797
10,2,-0.042755477485549816
10,4,7.044858198924263e-05
10,6,-8.402392143241612e-05
10,8,0.00016478511236156838
10,10,-0.00014700264057620913
11,-11,1.659873054445883e-08
11,-9,2.0787491332657493e-08
11,-7,3.120212613569838e-08
11,-5,9.651806547313561e-08
11,-3,-0.007062528474567836
11,-1,-0.14624993416015405
11,1,0.11126456201412044
11,3,-0.028262537500477622
11,5,8.095199067762283e-05
11,7,-8.852131998425764e-05
11,9,0.00016295276120995868
11,11,-0.0001396941612323136
12,-12,2.1300183720463396e-08
12,-10,2.0214407931768316e-08
12,-8,2.3414992183865467e-08
12,-6,5.455222201092107e-08
12,-4,2.4333815577569317e-07
12,-2,-0.06797891221300047
12,0,-0.019002607646157375
12,2,-0.04076512414251931
12,4,-2.0864354302759578e-05
12,6,8.901199313560023e-05
12,8,-9.134288619865699e-05
12,10,0.00016077527021002438
12,12,-0.00013309356463422052
13,-13,3.0877492129440694e-08
13,-11,2.2416457332758664e-08
13,-9,1.989437971477413e-08
13,-7,3.607618032840667e-08
13,-5,1.0185571836477237e-07
13,-3,-0.006607048565824559
13,-1,-0.13657121597193214
13,1,0.10391653748352074
13,3,-0.026399423911247697
13,5,-3.07036003880803e-05
13,7,9.505748551932661e-05
13,9,-9.300109812638224e-05
13,11,0.0001584160182432529
13,13,-0.00012709617661095954
14,-14,5.078316096316827e-08
14,-12,2.8271784110915934e-08
14,-10,1.924355513490925e-08
14,-8,2.7074692968598418e-08
14,-6,5.686106454923721e-08
14,-4,2.6468662772244183e-07
14,-2,-0.06222912768763583
14,0,-0.01738864957300619
14,2,-0.03733224184732234
14,4,3.9523621469172627e-05
14,6,-3.8925467535196e-05
14,8,9.951685466924103e-05
14,10,-9.384599363457377e-05
14,12,0.00015597533645013184
14,14,-0.00012161977876010567
15,-15,9.783177436198715e-08
15,-13,4.035441841102877e-08
15,-11,2.1263310691238928e-08
15,-9,2.29871912200532e-08
15,-7,3.7217250727155354e-08
15,-5,1.1094290672788277e-07
15,-3,-0.005929636566317308
15,-1,-0.1222685982970132
15,1,0.09305419542290547
15,3,-0.02372255826906027
15,5,4.626364320623789e-05
15,7,-4.580867138568308e-05
15,9,0.00010273607956812044
15,11,-9.412039137895645e-05
15,13,0.00015351451752488947
15,15,-0.00011660886301854406
16,-16,2.5155601890828674e-07
16,-14,6.544684557759498e-08
16,-12,2.675573166189519e-08
16,-10,2.2205481904945017e-08
16,-8,2.7690611815538196e-08
16,-6,6.199612545787819e-08
16,-4,2.8094010961505174e-07
16,-2,-0.05454565888123372
16,0,-0.015227292968677314
16,2,-0.03271419411918379
16,4,-8.396149285907345e-06
16,6,5.2207325523231034e-05
16,8,-5.1559088478693216e-05
16,10,0.00010498539244758255
16,12,-9.399514986603558e-05
16,14,0.00015106831606513633
16,16,-0.00011212717192657563
17,-17,0.002953607668390695
17,-15,1.244548159815811e-07
17,-13,3.8141055942506966e-08
17,-11,2.4491660093758662e-08
17,-9,2.3340454391146635e-08
17,-7,4.0612388773187475e-08
17,-5,1.1687276171109016e-07
17,-3,-0.005085779925008053
17,-1,-0.10451034081023824
17,1,0.07956257961010135
17,3,-0.02032776418013296
17,5,-1.5850285979671678e-05
17,7,5.725105623336861e-05
17,9,-5.636184511609591e-05
17,11,0.00010647398903584864
17,13,-9.359247794930604e-05
17,15,0.0001486428323653415
17,17,-0.01191917699052517
18,-18,0.030338845656126916
18,-16,3.158343960491667e-07
18,-14,6.183169133226218e-08
18,-12,3.075074109497858e-08
18,-10,2.2410923207554214e-08
18,-8,3.023686866809375e-08
18,-6,6.487764769261566e-08
18,-4,2.9930255912858e-07
18,-2,-0.04550094928878487
18,0,-0.01268962961924846
18,2,-0.027297990440423425
18,4,2.302660569504418e-05
18,6,-2.262945617491737e-05
18,8,6.145512833516358e-05
18,10,-6.037748529128792e-05
18,12,0.00010736356632581782
18,14,-9.300295498532984e-05
18,16,0.0001461029417249076
18,18,-0.018305591003439647
19,-19,0.06534524124502468
19,-17,0.002745943776286254
19,-15,1.1765184791165783e-07
19,-13,4.3726811796680817e-08
19,-11,2.4594833925373905e-08
19,-9,2.5498649468558754e-08
19,-7,4.224732123553462e-08
19,-5,1.245274233226277e-07
19,-3,-0.004133925385707691
19,-1,-0.08452632573213559
19,1,0.06437762051763364
19,3,-0.01654024610555546
19,5,2.6989921172761468e-05
19,7,-2.8796507120027506e-05
19,9,6.49111398496608e-05
19,11,-6.37413824067e-05
19,13,0.00010777888395481348
19,15,-9.230625066236251e-05
19,17,-0.010836110450710128
19,19,0.049623678739231465
20,-20,-2.1339232589429606e-08
20,-18,0.027931123843050378
20,-16,2.9944115414285194e-07
20,-14,7.068610928874694e-08
20,-12,3.075366768440193e-08
20,-10,2.4489217936876218e-08
20,-8,3.128630644517738e-08
20,-6,6.913906475567792e-08
20,-4,3.1498681121894824e-07
20,-2,-0.035684815262888504
20,0,-0.00993374843921013
20,2,-0.02140524641568164
20,4,-6.396959102684037e-06
20,6,3.0864498529834826e-05
20,8,-3.436222680659653e-05
20,10,6.77151266092274e-05
20,12,-6.656604649623942e-05
20,14,0.00010781422282202496
20,16,-9.169233510481444e-05
20,18,-0.016615135000209592
20,20,-0.012773247680230271
21,-21,-0.06810452939072431
21,-19,0.05950150096656447
21,-17,0.0016022238776580166
21,-15,1.3403752451956992e-07
21,-13,4.358643513705091e-08
21,-11,2.687609994732189e-08
21,-9,2.6257691927265946e-08
21,-7,4.5034313064535495e-08
21,-5,1.3049365446312944e-07
21,-3,-0.0031329298806326822
21,-1,-0.06355454967420356
21,1,0.048438880856375995
21,3,-0.012526072209445606
21,5,-1.2072929767049092e-05
21,7,3.4429160969846066e-05
21,9,-3.935674932614987e-05
21,11,6.995772893206332e-05
21,13,-6.894482551254268e-05
21,15,0.00010752820886566086
21,17,-0.006496100364892122
21,19,0.04513199511398901
21,21,0.051716522599887495
22,-22,-0.032923599716588085
22,-20,-2.6129784669015693e-08
22,-18,0.015088984631347583
22,-16,3.3928847237439855e-07
22,-14,7.028125295057491e-08
22,-12,3.3598995389168596e-08
22,-10,2.5111582098564078e-08
22,-8,3.33608727517917e-08
22,-6,7.21656735583601e-08
22,-4,3.3177931439388305e-07
22,-2,-0.025676896993114748
22,0,-0.007128150608073811
22,2,-0.015407953074225761
22,4,1.1917597519404318e-05
22,6,-1.7394351051763925e-05
22,8,3.7637802420758696e-05
22,10,-4.382228574121665e-05
22,12,7.172037593230911e-05
22,14,-7.095730558765099e-05
22,16,0.00010682217461462539
22,18,-0.009141540866845578
22,20,-0.0109382852305364
22,22,-0.019842735573970472
23,-23,-0.0033353424165174076
23,-21,-0.05877876827350381
23,-19,0.029586148486695375
23,-17,0.001062352625261931
23,-15,1.33063577628667e-07
23,-13,4.759739626934421e-08
23,-11,2.7457237053384452e-08
23,-9,2.8007909994003446e-08
23,-7,4.6831637390639815e-08
23,-5,1.3741796502688427e-07
23,-3,-0.002139221570260897
23,-1,-0.0427804698539841
23,1,0.03264781766334524
23,3,-0.008564558837918053
23,5,1.4332117754130529e-05
23,7,-2.2411292488754963e-05
23,9,4.0487673432287074e-05
23,11,-4.780568379559052e-05
23,13,7.307378880201666e-05
23,15,-7.26841081406307e-05
23,17,-0.004139153935784918
23,19,0.022669258040821892
23,21,0.0446017144046665
23,23,-0.013425149766663098
24,-24,-3.121114096844194e-07
24,-22,-0.027325265559803538
24,-20,-2.4443654313646235e-08
24,-18,0.010134192886682441
24,-16,3.3704619611049945e-07
24,-14,7.669055556897054e-08
24,-12,3.421465304739667e-08
24,-10,2.6792850523586202e-08
24,-8,3.457275281113293e-08
24,-6,7.59872513189063e-08
24,-4,3.469893939314914e-07
24,-2,-0.016017683470294496
24,0,-0.004420054410448754
24,2,-0.009611175031736578
24,4,-7.652130035704646e-06
24,6,1.6969379353877473e-05
24,8,-2.7091981496944468e-05
24,10,4.2995292189025136e-05
24,12,-5.135407837224712e-05
24,14,7.407600946173194e-05
24,16,-7.433744270760621e-05
24,18,-0.005973144240216613
24,20,-0.005594749976550634
24,22,-0.016259668468179975
24,24,-8.463928400579878e-05
25,-25,-1.2927722976915063e-07
25,-23,-0.0026666774666924873
25,-21,-0.026793279224364214
25,-19,0.020376513075152217
25,-17,0.0001983729226808731
25,-15,1.4500869487157567e-07
25,-13,4.833615758581953e-08
25,-11,2.9300312806379384e-08
25,-9,2.8939499057533663e-08
25,-7,4.931004433447142e-08
25,-5,1.4332599078619204e-07
25,-3,-0.0012039535640345563
25,-1,-0.023277215585877684
25,1,0.017819421013244723
25,3,-0.004817360660222399
25,5,-1.1925412892124625e-05
25,7,1.958600890100618e-05
25,9,-3.142007254079344e-05
25,11,4.5186228020534966e-05
25,13,-5.451306650812901e-05
25,15,7.476061247968811e-05
25,17,-0.0008649754802295944
25,19,0.015326359565651577
25,21,0.020531354225063355
25,23,-0.010530864005059157
25,25,-8.184317245160348e-05
26,-26,-7.142856329183138e-08
26,-24,-3.6963504563469766e-07
26,-22,-0.012386602455215062
26,-20,-2.7899439274884318e-08
26,-18,0.00046400411796248956
26,-16,3.662026750600556e-07
26,-14,7.770264377827996e-08
26,-12,3.651315740534762e-08
26,-10,2.7598852724641395e-08
26,-8,3.642402061747456e-08
26,-6,7.904955603610822e-08
26,-4,3.6291087205199623e-07
26,-2,-0.007181493652492393
26,0,-0.0019461249044064666
26,2,-0.004314621948391
26,4,4.3187800008874774e-06
26,6,-1.5939622656444174e-05
26,8,2.211029161076841e-05
26,10,-3.539438793835156e-05
26,12,4.708952529769867e-05
26,14,-5.7327927781231976e-05
26,16,7.50010287606436e-05
26,18,-0.0003529762482133093
26,20,-0.0032086468717616745
26,22,-0.007516497214912778
26,24,0.00012972984321283298
26,26,-7.93479142642666e-05
27,-27,-4.6308636150483355e-08
27,-25,-1.5250287706497958e-07
27,-23,-0.0011946882962186635
27,-21,-0.016382226237197168
27,-19,-0.002441044030990822
27,-17,-0.0003017515440554184
27,-15,1.466924180899806e-07
27,-13,5.158036918718267e-08
27,-11,3.010680721508515e-08
27,-9,3.049374396468602e-08
27,-7,5.1293646324516205e-08
27,-5,1.4984972624487404e-07
27,-3,-0.00037050304701357874
27,-1,-0.005952519815194451
27,1,0.004644010202562737
27,3,-0.001492620670429075
27,5,6.025539969527396e-06
27,7,-1.9775563087248967e-05
27,9,2.450885344863171e-05
27,11,-3.902392493231748e-05
27,13,4.873406824759984e-05
27,15,-5.9856205203953206e-05
27,17,0.0012867020107800837
27,19,-0.001641068132698192
27,21,0.012305393722425647
27,23,-0.004860327041248001
27,25,0.00012819537204425768
27,27,-7.699868106003847e-05
28,-28,-3.415426135957884e-08
28,-26,-8.38876523566167e-08
28,-24,-3.514131972445252e-07
28,-22,-0.006421201768887931
28,-20,-2.7128371586846577e-08
28,-18,-0.0038544931639911515
28,-16,3.7048381605381353e-07
28,-14,8.2902908086634e-08
28,-12,3.7442336157398706e-08
28,-10,2.909923372205229e-08
28,-8,3.768883347938627e-08
28,-6,8.264235027584018e-08
28,-4,3.7768028955510184e-07
28,-2,0.00044624515978244764
28,0,0.00018851481560248554
28,2,0.00026297078794497154
28,4,-8.998706417198462e-06
28,6,8.094235560445105e-06
28,8,-2.3403283903580725e-05
28,10,2.676650660953816e-05
28,12,-4.2324056068960405e-05
28,14,5.014443022160368e-05
28,16,-6.230788083903662e-05
28,18,0.0023902659792522634
28,20,0.0006342599142702841
28,22,-0.0037495075373670493
28,24,-8.484826737033746e-05
28,26,0.00012651673880223954
28,28,-7.47684798074137e-05
29,-29,-2.8557140805438078e-08
29,-27,-5.4149329516150405e-08
29,-25,-1.4483061266362732e-07
29,-23,-0.0005156282112904009
29,-21,0.007032625366882933
29,-19,-0.009469191468755515
29,-17,-0.0008688734006339824
29,-15,1.5639470247863314e-07
29,-13,5.276623576237322e-08
29,-11,3.173177720167859e-08
29,-9,3.134463585956189e-08
29,-7,5.342724345093448e-08
29,-5,1.568434694374163e-07
29,-3,0.00032752142819263304
29,-1,0.008492941431365386
29,1,-0.006345965241617612
29,3,0.0013039749248278303
29,5,-1.207256893461646e-05
29,7,1.0277221308635805e-05
29,9,-2.679904659731481e-05
29,11,2.887889915306646e-05
29,13,-4.5314371410455525e-05
29,15,5.132638333191964e-05
29,17,0.003415690173498964
29,19,-0.007346308287871466
29,21,-0.005137954839987117
29,23,-0.0019581374050855844
29,25,-8.385601363270868e-05
29,27,0.00012486037119008794
29,29,-7.264478516401381e-05
30,-30,-2.7215215134648852e-08
30,-28,-3.9770556255282763e-08
30,-26,-7.969011326523675e-08
30,-24,-3.922516402490089e-07
30,-22,0.0039140094658579394
30,-20,-2.9835911692653554e-08
30,-18,-0.010055956117584643
30,-16,3.942370749203602e-07
30,-14,8.46510164543948e-08
30,-12,3.9536216378986814e-08
30,-10,3.002645147264608e-08
30,-8,3.9568059741496596e-08
30,-6,8.370719604010138e-08
30,-4,3.965943572927441e-07
30,-2,0.006586000897332538
30,0,0.0019031960310594352
30,2,0.003943642808043707
30,4,-9.719549882482054e-08
30,6,-1.4916468436987219e-05
30,8,1.2496667773978451e-05
30,10,-2.995061625461436e-05
30,12,3.0847923151522806e-05
30,14,-4.8019389771427836e-05
30,16,5.2119178275992425e-05
30,18,0.005969775096283734
30,20,0.0024273886237276268
30,22,0.0022711548406121255
30,24,9.857511453850407e-05
30,26,-8.308484735090359e-05
30,28,0.00012324382316743936
30,30,-7.061866599490337e-05
31,-31,-2.9658397191015033e-08
31,-29,-3.312116664938163e-08
31,-27,-5.147403502361441e-08
31,-25,-1.617257780033866e-07
31,-23,0.00045341569919549505
31,-21,0.013587232392144278
31,-19,-0.024181906346459076
31,-17,-0.0011602306601172325
31,-15,1.594493099821804e-07
31,-13,5.556487003802888e-08
31,-11,3.2662954996593996e-08
31,-9,3.263280683237394e-08
31,-7,5.602736368881942e-08
31,-5,1.6130622459961668e-07
31,-3,0.0008675161651341087
31,-1,0.019590997512834767
31,1,-0.014794138211132943
31,3,0.0034580219561056976
31,5,1.3887114490545117e-06
31,7,-1.7645155117789417e-05
31,9,1.4715926266102902e-05
31,11,-3.285464040679944e-05
31,13,3.267836690326429e-05
31,15,-5.0481691999280706e-05
31,17,0.004698690498118022
31,19,-0.018184335886279684
31,21,-0.010471337326944668
31,23,0.0017383127358121774
31,25,9.756139960712216e-05
31,27,-8.23719684017166e-05
31,29,0.00012166904798842106
31,31,-6.868262434824516e-05
32,-32,-3.6839856740721496e-08
32,-30,-3.144580475167061e-08
32,-28,-3.783701916242608e-08
32,-26,-8.889476606965838e-08
32,-24,-3.8569576126460763e-07
32,-22,0.007722197785231725
32,-20,-2.9603628289591372e-08
32,-18,-0.012189019507875692
32,-16,4.019604792216572e-07
32,-14,8.952751962979575e-08
32,-12,4.0992657464884645e-08
32,-10,2.978783745439326e-08
32,-8,3.541245381812524e-08
32,-6,9.073981026662717e-08
32,-4,4.080949602728058e-07
32,-2,0.011075499360168644
32,0,0.003154708956724309
32,2,0.0066386781993152955
32,4,-9.022751428494432e-06
32,6,3.2878637069471317e-06
32,8,-2.0237626083310087e-05
32,10,1.6900676803618213e-05
32,12,-3.551382034303174e-05
32,14,3.437294179526488e-05
32,16,-5.291250035635884e-05
32,18,0.007369549509377241
32,20,0.004678246646487888
32,22,0.00471014609165626
32,24,-8.02001001615383e-05
32,26,9.632612251134283e-05
32,28,-8.169772687950251e-05
32,30,0.00012013500691861632
32,32,-6.682980366278313e-05
33,-33,-5.1883921767524606e-08
33,-31,-3.4145956546541146e-08
33,-29,-3.1539956260793824e-08
33,-27,-5.734026129399851e-08
33,-25,-1.5860415835073466e-07
33,-23,0.0008776502371973968
33,-21,0.02770525885145241
33,-19,-0.026285053116126705
33,-17,-0.001410377011272107
33,-15,1.6813301422849512e-07
33,-13,5.6909865146776177e-08
33,-11,3.434435128516244e-08
33,-9,2.6434791801474087e-08
33,-7,5.9261326282305846e-08
33,-5,1.672969109008972e-07
33,-3,0.001238126277614099
33,-1,0.027108080775138405
33,1,-0.020522801775237
33,3,0.004944638919806461
33,5,-1.1081088238818188e-05
33,7,5.3541879666401546e-06
33,9,-2.268845234119196e-05
33,11,1.9038846138015796e-05
33,13,-3.7937883461051426e-05
33,15,3.591787752178213e-05
33,17,0.005591496059034874
33,19,-0.02010654325879577
33,21,-0.020863997823341755
33,23,0.003589534651137506
33,25,-8.025825992444939e-05
33,27,9.505505550645377e-05
33,29,-8.105731347771679e-05
33,31,0.00011864005735509946
33,33,-6.505312674624566e-05
34,-34,-8.316076475600532e-08
34,-32,-4.2269275655101295e-08
34,-30,-2.99740946637646e-08
34,-28,-4.20858030328904e-08
34,-26,-8.708393504810688e-08
34,-24,-4.175194644428178e-07
34,-22,0.013404808423714328
34,-20,-3.184328797667051e-08
34,-18,-0.014863564285258998
34,-16,4.227999005355447e-07
34,-14,9.028988161208356e-08
34,-12,4.620427450214801e-08
34,-10,4.3194264888134064e-08
34,-8,4.642050994761496e-08
34,-6,9.510831332706316e-08
34,-4,3.9666180088567006e-07
34,-2,0.013884034983480566
34,0,0.00393156211132164
34,2,0.008322336984059387
34,4,-1.6493112320040138e-06
34,6,-1.2933619604759345e-05
34,8,7.45979766398674e-06
34,10,-2.4965688950923582e-05
34,12,2.111578313428043e-05
34,14,-4.0140510290745266e-05
34,16,3.712329777560848e-05
34,18,0.008863953417480237
34,20,0.0053886652540165595
34,22,0.007974077329145107
34,24,7.360355983039915e-05
34,26,-8.046731380981045e-05
34,28,9.377496149687398e-05
34,30,-8.044869463733147e-05
34,32,0.00011718274836606225
34,34,-6.334267765405501e-05
35,-35,-1.565609095509133e-07
35,-33,-5.933647170743957e-08
35,-31,-3.258156536840512e-08
35,-29,-3.5027311843599694e-08
35,-27,-5.613853683221236e-08
35,-25,-1.719452523980687e-07
35,-23,0.0013658571954945076
35,-21,0.028368850424435276
35,-19,-0.03295202767672773
35,-17,-0.0014434525927710428
35,-15,1.7025660331229525e-07
35,-13,5.987295128636623e-08
35,-11,4.924666596975101e-08
35,-9,4.724688102621422e-08
35,-7,8.541433561632747e-08
35,-5,9.905561953984215e-08
35,-3,0.0014391011806108144
35,-1,0.03098871025711171
35,1,-0.0234898009466222
35,3,0.005744524273805698
35,5,2.276019224201382e-09
35,7,-1.4697315509855304e-05
35,9,9.671100028452995e-06
35,11,-2.7085147975868876e-05
35,13,2.3118819746364154e-05
35,15,-4.21589444837892e-05
35,17,0.005817403523382597
35,19,-0.0248844655935482
35,21,-0.021693188088595595
35,23,0.005396261532939289
35,25,7.33539704409457e-05
35,27,-8.065452225219311e-05
35,29,9.249504385853753e-05
35,31,-7.987037702157248e-05
35,33,0.00011576269592605822
35,35,-6.167185451123122e-05
0,0,0.245395882500657
1,-1,2.5448804223969246
1,1,-1.80328599672664
2,-2,0.9905116955750694
2,0,0.13344779259937395
2,2,0.5930164052928703
3,-3,0.08447657906387401
3,-1,-0.08217639679239094
3,1,-0.03414130771206225
3,3,0.3367037294322926
4,-4,2.818414579933859e-06
4,-2,-0.05858772826140009
4,0,-0.016251489519958476
4,2,-0.03454413650662994
4,4,-0.0010816884694800674
5,-5,1.291608129756167e-06
5,-3,-0.006286820661558585
5,-1,-0.130881923908706
5,1,0.09957690110053088
5,3,-0.0244548736835214
5,5,-0.0010041082210325947
6,-6,7.76556560396443e-07
6,-4,4.75089214349578e-06
6,-2,-0.06541986878144333
6,0,-0.0183434879296191
6,2,-0.03941401987032275
6,4,0.0007988719004604902
6,6,-0.0009361251843966281
7,-7,5.39977129477281e-07
7,-5,2.0845725335177206e-06
7,-3,-0.006783104357085762
7,-1,-0.14112254751505487
7,1,0.10743660919090854
7,3,-0.027442085811723135
7,5,0.0008209157524908724
7,7,-0.0008770295621022251
8,-8,4.2243192475249607e-07
8,-6,1.203470052069375e-06
8,-4,5.027443963160832e-06
8,-2,-0.06855411837902967
8,0,-0.019140860523386954
8,2,-0.04096398956699022
8,4,-0.00033173246391570484
8,6,0.0008289706319929791
8,8,-0.0008252987374467983
9,-9,3.714812265892553e-07
9,-7,8.084405499476814e-07
9,-5,2.128887660741356e-06
9,-3,-0.006934263385371363
9,-1,-0.14416939210688576
9,1,0.10974377400703592
9,3,-0.027516990253751438
9,5,-0.00038732763754447845
9,7,0.0008280900996588641
9,9,-0.0007796271936737307
10,-10,3.698920849793767e-07
10,-8,6.142247064938993e-07
10,-6,1.2026290641451807e-06
10,-4,5.797942412746991e-06
10,-2,-0.06848815999019069
10,0,-0.01916364960215516
10,2,-0.041109968506690686
10,4,0.00035428500064147193
10,6,-0.0004223979037814102
10,8,0.0008219597378413759
10,10,-0.0007389708874421273
11,-11,4.1895900688065664e-07
11,-9,5.268050700746105e-07
11,-7,7.962703388873971e-07
11,-5,2.47088759055433e-06
11,-3,-0.00678574176622554
11,-1,-0.14094202014902987
11,1,0.10730704278419535
11,3,-0.0272600297857778
11,5,0.00040409388020301606
11,7,-0.0004449278449544809
11,9,0.0008127917959353039
11,11,-0.0007025049375969243
12,-12,5.38582774311261e-07
12,-10,5.133436898269659e-07
12,-8,5.990616404599026e-07
12,-6,1.4003234393142735e-06
12,-4,6.273960512906464e-06
12,-2,-0.06564109171277356
12,0,-0.018340248417829035
12,2,-0.03929993843430649
12,4,-0.00010160368923983848
12,6,0.00044413688261783107
12,8,-0.0004589808907525516
12,10,0.0008019160060347732
12,12,-0.0006695791796029196
13,-13,7.82299280645018e-07
13,-11,5.705842883058208e-07
13,-9,5.10402368898998e-07
13,-7,9.286688802287283e-07
13,-5,2.635872860752155e-06
13,-3,-0.006379224007754684
13,-1,-0.1323324732129989
13,1,0.10076130198164758
13,3,-0.025432689409871295
13,5,-0.00015382473101649088
13,7,0.0004744493527581839
13,9,-0.0004671762568114548
13,11,0.0007901410638529565
13,13,-0.0006396892428470693
14,-14,1.289698605808788e-06
14,-12,7.21430083912778e-07
14,-10,4.952053750521978e-07
14,-8,6.990532129485631e-07
14,-6,1.4769915787463431e-06
14,-4,6.89596149293818e-06
14,-2,-0.060453125021700395
14,0,-0.01690601069092527
14,2,-0.036273663564391184
14,4,0.00020165139141533183
14,6,-0.0001952428904183136
14,8,0.0004969168983820865
14,10,-0.00047128418010361327
14,12,0.0007779587323913765
14,14,-0.0006124875780684219
15,-15,2.4931328986681362e-06
15,-13,1.0325506310192489e-06
15,-11,5.489656609360068e-07
15,-9,5.954546024538928e-07
15,-7,9.704649433872479e-07
15,-5,2.90260074878018e-06
15,-3,-0.005761140167098174
15,-1,-0.11930877571440118
15,1,0.09086464910032677
15,3,-0.023128555838581318
15,5,0.00023214476250073168
15,7,-0.00022958498355745186
15,9,0.0005132107236211153
15,11,-0.0004725295867635737
15,13,0.0007656518247449711
15,15,-0.0005879904835520085
16,-16,6.462102157619259e-06
16,-14,1.6798282156511171e-06
16,-12,6.931363909428566e-07
16,-10,5.772426562281217e-07
16,-8,7.24966441318166e-07
16,-6,1.6288393804259696e-06
16,-4,7.41099078639911e-06
16,-2,-0.0534054180007612
16,0,-0.01492222368877508
16,2,-0.03200685447827019
16,4,-3.6993860840871815e-05
16,6,0.00026160359002188666
16,8,-0.0002581655066548334
16,10,0.0005246631393378508
16,12,-0.0004717784339735554
16,14,0.0007533145948143309
16,16,-0.000569100612908027
17,-17,0.0029983041528661844
17,-15,3.2077590347895574e-06
17,-13,9.916634218237632e-07
17,-11,6.390796862031502e-07
17,-9,6.136887500751348e-07
17,-7,1.0716174518621507e-06
17,-5,3.0990214486480274e-06
17,-3,-0.004981358562236046
17,-1,-0.10292705022892815
17,1,0.07840772585489429
17,3,-0.01991715787738076
17,5,-7.782232572568323e-05
17,7,0.0002869600391202784
17,9,-0.00028197679429046063
17,11,0.0005323106818317415
17,13,-0.0004696667466838409
17,15,0.000740609832459079
17,17,-0.012461029039842027
18,-18,0.03063374735373513
18,-16,8.211444049063041e-06
18,-14,1.614060446899563e-06
18,-12,8.055840307950119e-07
18,-10,5.919216506847435e-07
18,-8,8.014169031952199e-07
18,-6,1.7291876788822834e-06
18,-4,8.000695338699225e-06
18,-2,-0.04501686152270949
18,0,-0.012585613774166001
18,2,-0.027028497100062828
18,4,0.00012130633817438327
18,6,-0.00011208092992446898
18,8,0.00030820656080479084
18,10,-0.00030184397521708644
18,12,0.0005369508882540055
18,14,-0.00046672783929323686
18,16,0.0007236338390437251
18,18,-0.018867428929772573
19,-19,0.06592930711376889
19,-17,0.0028409860482606453
19,-15,3.0866729492050587e-06
19,-13,1.1502974583177965e-06
19,-11,6.526923688453024e-07
19,-9,6.790176700279599e-07
19,-7,1.1319393480556752e-06
19,-5,3.3478323638588983e-06
19,-3,-0.004093145237236175
19,-1,-0.08430447524199848
19,1,0.06424786344189345
19,3,-0.01646841229489802
19,5,0.00013728692637206903
19,7,-0.00014285028558623563
19,9,0.00032573058217582636
19,11,-0.0003184555742217456
19,13,0.0005391813588349045
19,15,-0.0004637264911954407
19,17,-0.010550874536406133
19,19,0.049657514346582936
20,-20,-2.6937781179208024e-06
20,-18,0.0287218631605916
20,-16,7.930771646169944e-06
20,-14,1.868003235786012e-06
20,-12,8.20147602409029e-07
20,-10,6.553808396737053e-07
20,-8,8.428036666890291e-07
20,-6,1.869238187129626e-06
20,-4,8.5469321669509e-06
20,-2,-0.03582475633229648
20,0,-0.010008923084665505
20,2,-0.021499813071787634
20,4,-2.495262399426933e-05
20,6,0.0001562603524764583
20,8,-0.000170518999977759
20,10,0.0003399898531167043
20,12,-0.00033238697574987944
20,14,0.000539384919912076
20,16,-0.00046481149678193745
20,18,-0.016480702962675297
20,20,-0.013244695477062838
21,-21,-0.06876973630185004
21,-19,0.06118527238060708
21,-17,0.0017354241814502283
21,-15,3.5620905988895885e-06
21,-13,1.1683013790348848e-06
21,-11,7.229961426551554e-07
21,-9,7.113458515404438e-07
21,-7,1.224490307306231e-06
21,-5,3.564312700417978e-06
21,-3,-0.0031501885881269113
21,-1,-0.06457364381586715
21,1,0.049241238021178906
21,3,-0.012650642533201866
21,5,-5.7574115776761904e-05
21,7,0.0001741352326489992
21,9,-0.00019531406866196596
21,11,0.00035142670982923327
21,13,-0.00034413353143271803
21,15,0.0005374442577037739
21,17,-0.007304926769201413
21,19,0.04695710349600837
21,21,0.05183670872516697
22,-22,-0.03329516115884863
22,-20,-3.3473820699792844e-06
22,-18,0.016285461399982864
22,-16,9.107737866370236e-06
22,-14,1.894140032055746e-06
22,-12,9.086991177118283e-07
22,-10,6.843174061153853e-07
22,-8,9.123893632075773e-07
22,-6,1.983945116048568e-06
22,-4,9.145860358286787e-06
22,-2,-0.026361905095692653
22,0,-0.00737000474080324
22,2,-0.015861498433859464
22,4,6.747984721264776e-05
22,6,-8.4731495348606e-05
22,8,0.00019032111051195437
22,10,-0.00021747082955871476
22,12,0.00036043607560471184
22,14,-0.0003541868430685558
22,16,0.0005292634727120098
22,18,-0.010178212926526316
22,20,-0.010678403957371279
22,22,-0.020396250475858423
23,-23,-0.003393335756752937
23,-21,-0.06066186928126575
23,-19,0.03215917368307524
23,-17,0.0012284322363303882
23,-15,3.6093801388840126e-06
23,-13,1.2944418427394752e-06
23,-11,7.528033922766305e-07
23,-9,7.706260622521967e-07
23,-7,1.2959615624275529e-06
23,-5,3.815364268948709e-06
23,-3,-0.0022046913406591146
23,-1,-0.044829505053830807
23,1,0.03422410471973408
23,3,-0.008940573969975444
23,5,7.494831604444947e-05
23,7,-0.0001098830953274663
23,9,0.00020472322948638158
23,11,-0.00023723531825103303
23,13,0.00036734220496651115
23,15,-0.0003633785270228847
23,17,-0.004276039539466883
23,19,0.024254798882874906
23,21,0.04655910061464209
23,23,-0.01393091990360123
24,-24,-7.742877674587927e-06
24,-22,-0.028302341712206542
24,-20,-3.200528638783717e-06
24,-18,0.011631539012230506
24,-16,9.241086524188837e-06
24,-14,2.0980348839431e-06
24,-12,9.439525993538685e-07
24,-10,7.418426727669262e-07
24,-8,9.631556515560626e-07
24,-6,2.124461302276704e-06
24,-4,9.731624255404295e-06
24,-2,-0.01713029936331333
24,0,-0.004786976280804899
24,2,-0.010318730331940489
24,4,-2.984428691344357e-05
24,6,8.74843232357822e-05
24,8,-0.00013325561380917323
24,10,0.00021739931335711249
24,12,-0.00025485642793715243
24,14,0.00037233535530328116
24,16,-0.000376508171763437
24,18,-0.0064002331767497814
24,20,-0.006409124422406638
24,22,-0.01627036162479359
24,24,-0.0004324454805867054
25,-25,-3.2321122919725553e-06
25,-23,-0.002790779378653061
25,-21,-0.029602974792295254
25,-19,0.023568680285598966
25,-17,0.0003824283470269081
25,-15,3.994650958000308e-06
25,-13,1.3421197542261558e-06
25,-11,8.165647966671216e-07
25,-9,8.11645097619297e-07
25,-7,1.388321305044123e-06
25,-5,4.052208911604964e-06
25,-3,-0.001304397905413198
25,-1,-0.026075990503336876
25,1,0.01995745981282648
25,3,-0.005314603562259175
25,5,-5.62660499064138e-05
25,7,0.0001004330000456232
25,9,-0.00015485337632801917
25,11,0.00022846586032434154
25,13,-0.00027059357772912345
25,15,0.00037511913640633554
25,17,-0.0017992267112566366
25,19,0.01815422330014873
25,21,0.02230090346194978
25,23,-0.010404741414752642
25,25,-0.00041466458234502623
26,-26,-1.792284143949438e-06
26,-24,-9.337108084442925e-06
26,-22,-0.013804476216873965
26,-20,-3.707029505734152e-06
26,-18,0.0021248204277313503
26,-16,1.020202606786166e-05
26,-14,2.172211722523467e-06
26,-12,1.024388582281306e-06
26,-10,7.796876614021656e-07
26,-8,1.0322938692011152e-06
26,-6,2.2524042459525397e-06
26,-4,1.0362499538156601e-05
26,-2,-0.008577309382301423
26,0,-0.002402978249938071
26,2,-0.005215494526515053
26,4,3.0427321017021368e-05
26,6,-7.716203368770664e-05
26,8,0.00011302339393908291
26,10,-0.00017469648096507013
26,12,0.0002380552949154499
26,14,-0.00028477944123671576
26,16,0.00037098898769071057
26,18,-0.0016056375664539138
26,20,-0.003360511852717707
26,22,-0.008671979977527302
26,24,0.0006419704967690486
26,26,-0.00040160044148052114
27,-27,-1.165284761367884e-06
27,-25,-3.885201722190433e-06
27,-23,-0.001362172805521847
27,-21,-0.019778807677926762
27,-19,0.001062705630003532
27,-17,-0.00011014977123005786
27,-15,4.13258163263988e-06
27,-13,1.4569386701190567e-06
27,-11,8.566603736351455e-07
27,-9,8.705139735021709e-07
27,-7,1.4697990984057504e-06
27,-5,4.315422905188983e-06
27,-3,-0.000490647100929946
27,-1,-0.009177629599820322
27,1,0.007100770380321115
27,3,-0.002111186482687605
27,5,3.349089791663748e-05
27,7,-9.661129418242992e-05
27,9,0.00012499714787328738
27,11,-0.00019284156328593097
27,13,0.00024627973615471934
27,15,-0.0002981926940305023
27,17,0.0009378926732282214
27,19,0.000694481589615239
27,21,0.015276658820989063
27,23,-0.005778237957207248
27,25,0.0006389728925371333
27,27,-0.00038971609845948494
28,-28,-8.618773137948733e-07
28,-26,-2.1464881001903797e-06
28,-24,-9.101225427902382e-06
28,-22,-0.008108672355982102
28,-20,-3.695318474665486e-06
28,-18,-0.002165962411182876
28,-16,1.0560836858064254e-05
28,-14,2.3584243719543026e-06
28,-12,1.0729516345037653e-06
28,-10,8.36355898039677e-07
28,-8,1.0902642375058853e-06
28,-6,2.3997694322212488e-06
28,-4,1.0999079419086644e-05
28,-2,-0.0010742550493043164
28,0,-0.0003072977394700841
28,2,-0.0007120314795037888
28,4,-3.604099333693685e-05
28,6,4.288590671834902e-05
28,8,-0.00011490260076830874
28,10,0.00013625157233054292
28,12,-0.00020937877409448486
28,14,0.0002531496645609074
28,16,-0.0003161709146560163
28,18,0.0017358049826677133
28,20,-0.0002935994229616421
28,22,-0.004308169830758195
28,24,-0.000429739136202481
28,26,0.0006313945142693263
28,28,-0.0003785372581423723
29,-29,-7.229011175048312e-07
29,-27,-1.3905404469283255e-06
29,-25,-3.7867834753618705e-06
29,-23,-0.0007113468674924863
29,-21,0.003411171713004217
29,-19,-0.005970511777747239
29,-17,-0.0006845901410434961
29,-15,4.485862371286009e-06
29,-13,1.5241560736405184e-06
29,-11,9.199152233887312e-07
29,-9,9.191494882182705e-07
29,-7,1.5668145851005886e-06
29,-5,4.577382969806842e-06
29,-3,0.00020375290132757754
29,-1,0.0051796210581641225
29,1,-0.00382553981056462
29,3,0.0006821081684270329
29,5,-5.7351628699949306e-05
29,7,5.344919764826308e-05
29,9,-0.0001320159431926191
29,11,0.00014675390564355254
29,13,-0.00022444014382515327
29,15,0.00025816837676215514
29,17,0.002541326236477474
29,19,-0.004405093806200879
29,21,-0.002721808171768424
29,23,-0.002231539808513882
29,25,-0.00042005909128705574
29,27,0.0006233895024678406
29,29,-0.0003679243253790149
30,-30,-6.913508192136212e-07
30,-28,-1.024961942486593e-06
30,-26,-2.0944758489693624e-06
30,-24,-1.0345965559825821e-05
30,-22,0.0021448801064526263
30,-20,-4.129685343624385e-06
30,-18,-0.00848003835514016
30,-16,1.1446623219316066e-05
30,-14,2.4647280294963382e-06
30,-12,1.1529075626242342e-06
30,-10,8.817143592458667e-07
30,-8,1.164581220237246e-06
30,-6,2.5403443303306297e-06
30,-4,1.1669603499072237e-05
30,-2,0.005099615746795979
30,0,0.0014098965920822952
30,2,0.0029729789694864
30,4,8.490387760275545e-06
30,6,-7.267439821161009e-05
30,8,6.43385147231466e-05
30,10,-0.00014791501553581207
30,12,0.00015649989343985183
30,14,-0.0002382681315940898
30,16,0.00025592385478990875
30,18,0.004818138590587492
30,20,0.002133403903054227
30,22,0.0009418695883956313
30,24,0.0004888693667889426
30,26,-0.0004153264426866058
30,28,0.0006154520444776414
30,30,-0.00035780861246529396
31,-31,-7.562389752318582e-07
31,-29,-8.569201364579874e-07
31,-27,-1.3588442735025182e-06
31,-25,-4.308586625112567e-06
31,-23,0.0002519054717742105
31,-21,0.010092080379458995
31,-19,-0.020987872181828536
31,-17,-0.000993556263448476
31,-15,4.685693881453992e-06
31,-13,1.6376535028270562e-06
31,-11,9.711561712348186e-07
31,-9,9.707235798607468e-07
31,-7,1.661185069568912e-06
31,-5,4.8481402465715345e-06
31,-3,0.0007556004423569914
31,-1,0.016513616691158466
31,1,-0.012453535515623103
31,3,0.00285257232276157
31,5,9.552083059483834e-06
31,7,-8.678438608699065e-05
31,9,7.523526378501452e-05
31,11,-0.00016259970665388645
31,13,0.000165476269509585
31,15,-0.00025163356899006174
31,17,0.004374460175063479
31,19,-0.016047955919787103
31,21,-0.007538298993921757
31,23,0.0007241787744730154
31,25,0.0004890567990548855
31,27,-0.0004114270658588701
31,29,0.0006076835143320092
31,31,-0.00034814124656692925
32,-32,-9.429615163732919e-07
32,-30,-8.170426633358389e-07
32,-28,-1.0032219910183997e-06
32,-26,-2.3819895824630466e-06
32,-24,-1.0458677522451003e-05
32,-22,0.006039896097666531
32,-20,-4.207757192952931e-06
32,-18,-0.010843951249516672
32,-16,1.1960053082257318e-05
32,-14,2.6503549624670484e-06
32,-12,1.2078608395811436e-06
32,-10,9.351718674980385e-07
32,-8,1.205698207843873e-06
32,-6,2.696063600533435e-06
32,-4,1.233325612683454e-05
32,-2,0.009769331123412914
32,0,0.0027098431954257524
32,2,0.005777756936876071
32,4,-3.63083702874574e-05
32,6,1.784213227811332e-05
32,8,-0.0001000822344288578
32,10,8.59646414463211e-05
32,12,-0.0001760962340997147
32,14,0.00017357180180179965
32,16,-0.0002704691914599081
32,18,0.00684117425948008
32,20,0.0038799105188278508
32,22,0.004055069511861605
32,24,-0.0004051860560097443
32,26,0.00048381519973442763
32,28,-0.0004078575316864448
32,30,0.0006001070338402198
32,32,-0.0003388752511235879
33,-33,-1.3333451589303254e-06
33,-31,-8.91189905253032e-07
33,-29,-8.40171481944475e-07
33,-27,-1.5441534135039194e-06
33,-25,-4.349033403187974e-06
33,-23,0.0006853855287990105
33,-21,0.024650081218249405
33,-19,-0.023653348583455712
33,-17,-0.0012723658836475062
33,-15,5.036227361751894e-06
33,-13,1.7241999999068462e-06
33,-11,1.0287470941549201e-06
33,-9,1.0531132645058563e-06
33,-7,1.8065340730951203e-06
33,-5,5.195028230801029e-06
33,-3,0.0011517634257441885
33,-1,0.024550497229998556
33,1,-0.018575304504323424
33,3,0.004449235988321445
33,5,-5.329620742596258e-05
33,7,2.7582802300765982e-05
33,9,-0.00011256824942282682
33,11,9.646256827815625e-05
33,13,-0.00018848247164774708
33,15,0.00018012761922181258
33,17,0.004955039495732627
33,19,-0.017911120783258853
33,21,-0.018847082982117038
33,23,0.0032406081571032834
33,25,-0.00040009444341974887
33,27,0.00047778449442089597
33,29,-0.00040450194506238906
33,31,0.0005927276101194318
33,33,-0.000329944822582003
34,-34,-2.1470075390790513e-06
34,-32,-1.1082663241794664e-06
34,-30,-8.024794183686586e-07
34,-28,-1.1390058552603843e-06
34,-26,-2.403854203373317e-06
34,-24,-1.1547759917654993e-05
34,-22,0.011962599381817294
34,-20,-4.6085439815176364e-06
34,-18,-0.01384837753128894
34,-16,1.2836675413272139e-05
34,-14,2.770474196351519e-06
34,-12,1.3067166343942495e-06
34,-10,9.777190497371481e-07
34,-8,1.2052801803904382e-06
34,-6,2.8997445520365154e-06
34,-4,1.2788578838198398e-05
34,-2,0.012880172082274616
34,0,0.0035669824592861
34,2,0.007632388660246399
34,4,6.302626680737623e-07
34,6,-6.376029019272684e-05
34,8,3.793861422313659e-05
34,10,-0.00012423980885900395
34,12,0.0001066283669192502
34,14,-0.0001999724477037666
34,16,0.00017897272709055365
34,18,0.008093213116125063
34,20,0.005210846884770448
34,22,0.006880850860807383
34,24,0.00036408031287099774
34,26,-0.00040022170893682144
34,28,0.0004715529330895066
34,30,-0.00040132148987487683
34,32,0.0005855526514876999
34,34,-0.00032119718588819303
35,-35,-4.068898569648246e-06
35,-33,-1.5631392959947236e-06
35,-31,-8.768762312100542e-07
35,-29,-9.529874325678979e-07
35,-27,-1.5586698776598307e-06
35,-25,-4.810730963672688e-06
35,-23,0.0011998159885342596
35,-21,0.026004723761466328
35,-19,-0.031078189596440074
35,-17,-0.0013399598229462202
35,-15,5.28082118512958e-06
35,-13,1.8560369475869635e-06
35,-11,1.1091555216661571e-06
35,-9,8.68714920587687e-07
35,-7,2.284286270867794e-06
35,-5,5.548964580388606e-06
35,-3,0.0013886804678822058
35,-1,0.029171127416119
35,1,-0.022102254459333594
35,3,0.005371042344472033
35,5,-6.763514752067307e-08
35,7,-7.315306354397108e-05
35,9,4.860766184220874e-05
35,11,-0.00013511091272208986
35,13,0.00011632363488930888
35,15,-0.00021138548319115112
35,17,0.005702225049884155
35,19,-0.023716987325815057
35,21,-0.019701170744661475
35,23,0.004570440321736601
35,25,0.00036862018277684943
35,27,-0.00040087594704269993
35,29,0.0004652691045725018
35,31,-0.00039829516848067153
35,33,0.0005786155312561775
35,35,-0.00031201956027828603
