0.9968397996706801
0.34865910962219854
0.09943738178341995
0.004872581857452042
0.004871171333966371
0.0048761889258351785
0.0048777980993419635
0.004875168659929126
0.004874873139130051
0.00487880376822927
0.004880146124567558
0.0048788664047782915
0.004878899871558276
0.004882579820670287
0.004883911603260604
0.004883563655719355
0.004883825888165128
0.0048469110729121336
0.004663350318595712
0.0042462270049393154
0.004144124504228752
0.0035971874369772157
0.003451492235920825
0.0034895911659201403
0.003564872925437684
0.0037699205553777333
0.003841175263645426
0.0040547334867466
0.00412818225581128
0.004345575651712059
0.004420324976968273
0.004639875127604
0.004715310288389559
0.004935320193142722
0.00501295536888218
0.005215534936126091
0.9968603714687714
0.3489473864739415
0.09948694663800527
0.005419714070633851
0.005430959930488223
0.005878376916090771
0.006036818838121525
0.006645542937392581
0.006880140170605483
0.00788930654161838
0.008202458727892119
0.009234608485542143
0.00956688646580798
0.010694882866565489
0.011050063801454199
0.012189007053481311
0.0125545774188301
0.01375318020053835
0.014132329482428027
0.015355466187738238
0.01574718677557913
0.01703215050625301
0.0174380374526969
0.018770526972079458
0.01918849243422857
0.020586327443008572
0.021020434361387556
0.02247862777386731
0.022926469627335497
0.024460544379975992
0.02492591897622555
0.026533468124895175
0.02701519746228004
0.028707753235488843
0.029210436739218467
0.030965562113031118
