0.9968397996706801
0.3489616852729859
0.10170550215463292
0.048082317379144396
0.052553896001570954
0.06478016511260189
0.0684987436152786
0.07827032597717673
0.08176448762361212
0.08545918588815576
0.08783297581223036
0.08852650878024267
0.09037316030592614
0.08731342736629696
0.08826045594791959
0.08359363086837819
0.0841007965765927
0.07811080040453058
0.07780704656356693
0.07066474199463547
0.07007478945510169
0.061375941408269734
0.06046845266880641
0.05353902785096521
0.05263876607258534
0.04872774670576431
0.04834326231687079
0.047272135790837444
0.04723876146510346
0.048331411193466615
0.04864182021236678
0.050377643865926525
0.050738824308700525
0.052099011875425226
0.052391528023722364
0.0526413665854507
0.9968603714687714
0.349166493021191
0.10146922943456961
0.04582974063329719
0.050074071443922445
0.06184788779301041
0.06541376701705776
0.07515801961719026
0.0785552390743444
0.08247923241074462
0.08481498638434551
0.08599984054265662
0.08785796045875058
0.08541285987193914
0.08640808281989379
0.0824100511273513
0.082989153210266
0.07759985307055534
0.07737064132076074
0.07068930832136087
0.07016531953676068
0.06166201657107583
0.06079064134186575
0.05372969901001756
0.052816405105198486
0.04847248902665159
0.048018642288822404
0.046401860547950716
0.046280901617680496
0.04696109846921089
0.04720821074322546
0.04882322044834764
0.0491674110482858
0.050699512275126146
0.05102215963753293
0.05162206853406514
