1.0597144589129128
0.3050881430115501
0.08267023265577778
0.011168688169864804
0.011353984594838036
0.011082187239594856
0.010905824880587407
0.011164252320808003
0.011332303818204211
0.01107539404080284
0.010927196136534707
0.011180156665937784
0.011333784151018622
0.01106363108333836
0.011006446186366854
0.011182715988499889
0.011351778621855485
0.011017473585189235
0.010786303374627888
0.01046232604237655
0.010445720159566924
0.009620881452019147
0.009505045374269615
0.008824450375462036
0.008651007159259773
0.008036084834292963
0.0080096470913827
0.007547634980755683
0.007550366761694964
0.007156577026881159
0.007184954119094905
0.0068190817977509845
0.006894513869988104
0.006617761300913073
0.006691998648779513
0.006379180396232102
1.059608404762666
0.30345427398759856
0.08359720318313715
0.010207320798479415
0.011126771715883558
0.00982435301459229
0.009508565246474077
0.010498445117420447
0.01143211878185504
0.011155610928469867
0.011708720868116801
0.011724741559379004
0.012618845588841604
0.012385486401152281
0.0130423948720708
0.012621812797063493
0.01354237039612039
0.013094335852339123
0.013664475947112639
0.012804270706484053
0.013450913592426433
0.012502159936945985
0.013187719846268375
0.012125664683969112
0.012864733222839105
0.012006884855791966
0.012773390225718228
0.011873948629147656
0.012776000159885878
0.012026827579284983
0.012901064298231181
0.012201946805084124
0.013194833871554863
0.01252640457811443
0.013553662346923063
0.012862252221850822
