1.0597144589129128
0.3113529235802428
0.0790121895392636
0.04074650971762193
0.05410152249030727
0.05341537514727428
0.06463591218812885
0.06073655752668943
0.0725287589063579
0.06542263772690946
0.07483627285455952
0.0662674423724048
0.07490221791067624
0.06495482582252993
0.07149161551423659
0.06113527288454271
0.06648976803653361
0.055968494462994046
0.05945222512292839
0.04970802152914653
0.05050515982551543
0.03953335535454301
0.041666897438422765
0.03394349784769286
0.03234392634464084
0.027970018645781133
0.028087420718255065
0.027030475177412267
0.02716326849466832
0.028270977637918644
0.030190514620016543
0.031375651440444276
0.03073202192873577
0.030887198313644837
0.03427527313917301
0.03364564675443604
1.059608404762666
0.3100005133704296
0.07987557133145737
0.038957250422882096
0.05176618337356131
0.05094553302531822
0.061589055252950005
0.05827154208042282
0.0696939976374457
0.06295114822901064
0.0719598853734347
0.06405665121851749
0.0725164604165929
0.06314102738547296
0.06953996387097064
0.05984562689109388
0.06519433753894446
0.05518266212153189
0.058726019268825105
0.04950607140601499
0.05037858416382413
0.039658278093188365
0.04190203187584627
0.03436759069624095
0.03269731971533686
0.02833742543856228
0.02820205181650217
0.026705005466869026
0.027159199217989462
0.027977191180423414
0.02945682782919111
0.03067715899704127
0.03011356190573528
0.030401758461036498
0.03359593079605081
0.03318656705702212
