0.9999999905095852
0.4055627002410372
0.4047198037927304
0.19112419819933404
0.14735124927785043
0.14735117175584608
0.08417678503955302
0.08309138130665895
0.07153881252189001
0.059426897302629095
0.05873288112281884
0.04310069104769066
0.04259347451919426
0.03843207583334539
0.0339319700228378
0.03318628881422584
0.0272886162584525
0.02691780512068296
0.024725381185777485
0.022653694543054662
0.02198631403474146
0.01918158513202474
0.018849412678757064
0.017570591718396963
0.016450274209230547
0.01595691736555174
0.014431559330423551
0.014170569437040172
0.013365028906148513
0.012675177030833136
0.012288754665714632
0.011361110023527687
0.011136707515111876
0.010612156143538545
0.010147856641822642
0.009880090580044673
