0.9999999905095852
0.4841827952955844
0.4811477979332324
0.5939551699566948
0.5829166669697947
0.3440848622608912
0.32704470890775733
0.3363357132486914
0.35477666323789264
0.3468145084135506
0.32425543601194795
0.3025478606914945
0.3087440593804259
0.32533979452132017
0.33009219937753365
0.31212256439415215
0.30684843397107525
0.31214939287849564
0.3208405638714577
0.3214212580706597
0.3157808084727947
0.31096570643890853
0.3137441141421776
0.32020653692081497
0.32144443909467524
0.3163217725233385
0.31381967336071015
0.3163485957928928
0.32036554145681406
0.3208002923761008
0.31813110005444417
0.31583613324679216
0.3175119584529942
0.3207422507393514
0.32132728037368347
0.31876536523636856
