1.0001160866912175
0.5554763272859832
0.5385876171054678
0.33399445453364807
0.25942461745070017
0.25882366231515236
0.1999002880025359
0.19402200635742378
0.1734418924864004
0.1565529002877487
0.15086857159251635
0.13129065880842178
0.12824606733365096
0.11857782230759702
0.11155669855800282
0.10708447271550284
0.09817732375401825
0.09540246783666419
0.09019799725805758
0.08609262813524075
0.08301418381160228
0.07791832521739443
0.07589065755084971
0.07260744877347998
0.06984944491952615
0.06768614869523665
0.06447402126114962
0.06286907230275114
0.06057627440619063
0.05874519912676709
0.05713010240961382
0.05480210760083994
0.0536118894570279
0.05213463018017677
0.05072336244757234
0.049391787969172984
