0,0,-0.001706719970185224
1,-1,4.763913803938668e-17
1,1,-1.7131185839143325e-05
2,-2,-3.977522460007365e-17
2,0,0.0020614244986956985
2,2,-2.1450832105061863e-05
3,-3,-2.5391109613148136e-17
3,-1,2.4568686943478513e-18
3,1,-2.7445315915245548e-05
3,3,-2.527418053838201e-05
4,-4,-3.6372944713859343e-17
4,-2,-9.650759220048027e-17
4,0,-0.001976698392202446
4,2,-3.2104969389499604e-05
4,4,0.000342491987815999
5,-5,-9.135679146567177e-17
5,-3,-1.2867548816980994e-16
5,-1,-2.8701248196568937e-18
5,1,-3.799970940319152e-05
5,3,-3.6389230060195415e-05
5,5,-3.204145974564986e-05
6,-6,2.133543645235574e-17
6,-4,-2.0252594826541763e-16
6,-2,4.702879124388585e-17
6,0,0.002128253988430716
6,2,-4.204741612408987e-05
6,4,-0.0007778902994205822
6,6,-3.5125565377969634e-05
7,-7,-6.059467240376371e-17
7,-5,-6.404228178754593e-17
7,-3,-1.0680166963524548e-16
7,-1,8.282116104685138e-18
7,1,-4.504160387278255e-05
7,3,-4.513422943904272e-05
7,5,-4.389414411833168e-05
7,7,-3.803936410360403e-05
8,-8,-1.5819557899835737e-16
8,-6,6.543213050509223e-17
8,-4,-2.6797316654488283e-16
8,-2,1.1004564700455184e-16
8,0,-0.001349741998312539
8,2,-4.546416085880793e-05
8,4,0.00010899998747451774
8,6,-4.705426524905433e-05
8,8,-0.00021522908914161935
9,-9,1.0141525477475738e-17
9,-7,1.3224884224159001e-17
9,-5,-4.83008362073148e-17
9,-3,4.1756077321676837e-19
9,-1,6.7264209830444075e-18
9,1,-4.050831071909165e-05
9,3,-4.340140895912325e-05
9,5,-4.7832414406416096e-05
9,7,-4.974887733511784e-05
9,9,-4.3331201372894605e-05
10,-10,2.8478941752584086e-17
10,-8,1.7053208447952422e-17
10,-6,3.1105167405546044e-17
10,-4,-5.548685197358347e-17
10,-2,2.5915502416837353e-18
10,0,0.0021010614753860925
10,2,-3.259871338792208e-05
10,4,-0.0016355174219682312
10,6,-4.7405292424703455e-05
10,8,0.0007606435229264019
10,10,-4.5704754623456e-05
11,-11,3.674068936186572e-17
11,-9,-1.4293204528883488e-17
11,-7,-8.942317406576781e-17
11,-5,4.5836446786837615e-17
11,-3,4.1643157241896e-17
11,-1,6.8922243737469866e-18
11,1,-1.5987553427867615e-05
11,3,-2.1763289834493884e-05
11,5,-3.283415619635254e-05
11,7,-4.5733896768533256e-05
11,9,-5.344672905963099e-05
11,11,-4.791901802115008e-05
12,-12,1.344480574100174e-16
12,-10,-2.8064001487547886e-17
12,-8,-9.994787607275771e-17
12,-6,8.499356232854224e-17
12,-4,1.277366679530643e-16
12,-2,-4.630087892228409e-17
12,0,-0.0002907470364172645
12,2,1.3612759450904143e-06
12,4,-0.00019824205038928178
12,6,-2.4743011168629427e-05
12,8,0.0004468052879418921
12,10,-5.438390663467139e-05
12,12,-5.053318953438822e-06
13,-13,-5.099138342470888e-18
13,-11,-6.95109117834769e-17
13,-9,-3.448758172216928e-17
13,-7,-1.990702126592977e-17
13,-5,-4.226061779066478e-17
13,-3,6.343744732364715e-17
13,-1,-1.8995961892285905e-16
13,1,2.658691205338302e-05
13,3,2.0224293924547673e-05
13,5,6.101631748632389e-06
13,7,-1.5162173052367217e-05
13,9,-3.8544970295800665e-05
13,11,-5.4767444485187195e-05
13,13,-5.199054164924069e-05
14,-14,-1.0264345254827612e-16
14,-12,-7.134346756486158e-17
14,-10,1.4030359617438638e-17
14,-8,-1.1325287604796492e-16
14,-6,-8.843913353929513e-17
14,-4,2.427333317221584e-16
14,-2,8.745768705122341e-17
14,0,0.0018522281984128
14,2,4.6378547720693855e-05
14,4,-0.0026379773346325896
14,6,2.087897653421425e-05
14,8,0.0017423318979886467
14,10,-3.318489307052181e-05
14,12,-0.001115991375313164
14,14,-5.387084477942563e-05
15,-15,-1.1158219124065075e-16
15,-13,-7.09538324091246e-18
15,-11,-3.581784696583216e-18
15,-9,9.809700320388866e-19
15,-7,1.5891121595966885e-16
15,-5,2.728429707168846e-16
15,-3,8.597167362438415e-17
15,-1,1.3211548749195666e-15
15,1,6.198722789366993e-05
15,3,5.986882923604184e-05
15,5,5.2117080339663825e-05
15,7,3.486086937144281e-05
15,9,7.0657131702443335e-06
15,11,-2.6941871172867852e-05
15,13,-5.424737949786829e-05
15,15,-5.562208127451282e-05
16,-16,-1.4895264959880004e-16
16,-14,-3.587322174475891e-17
16,-12,3.310384752371097e-17
16,-10,1.1989629607398453e-16
16,-8,9.316494211026368e-17
16,-6,3.933875116933147e-17
16,-4,6.915012868750577e-17
16,-2,3.3528340732205425e-16
16,0,0.0006251821617292331
16,2,6.375788699863831e-05
16,4,0.00023284553940481397
16,6,6.167591452646296e-05
16,8,0.0010697718541540125
16,10,1.8743862881144853e-05
16,12,-0.0009713757142621101
16,14,-5.3443178664256956e-05
16,16,1.2891014795451142e-05
17,-17,-5.680266471758382e-17
17,-15,4.497744949920335e-18
17,-13,1.452693268276647e-17
17,-11,-1.289088854514479e-17
17,-9,-1.575333051127229e-17
17,-7,-2.7022606242634245e-16
17,-5,-1.1710669364736498e-15
17,-3,-1.3251402972852961e-15
17,-1,-4.103154492623241e-15
17,1,4.806485816105714e-05
17,3,5.392523549747705e-05
17,5,6.189050936017499e-05
17,7,6.551838414508773e-05
17,9,5.702720308945374e-05
17,11,2.9988082382317464e-05
17,13,-1.3004643710755272e-05
17,15,-5.22400207281245e-05
17,17,-5.859756975735708e-05
18,-18,7.078717867675232e-17
18,-16,1.7313459320996306e-17
18,-14,-3.605469855370814e-17
18,-12,3.5203218683480756e-17
18,-10,-2.2304685665986996e-16
18,-8,8.160209534729523e-18
18,-6,-7.297339718339527e-16
18,-4,2.7982687350315432e-15
18,-2,-1.9591230674144993e-15
18,0,0.0005849540761656988
18,2,2.063622516021761e-05
18,4,-0.00311317278844517
18,6,4.946289098993298e-05
18,8,0.002087256997059805
18,10,6.374451541620913e-05
18,12,-0.001984361652707322
18,14,-5.731303251428146e-06
18,16,0.0013201967430883533
18,18,-5.981163221013283e-05
19,-19,1.2863508205124795e-16
19,-17,-2.1047498189848482e-17
19,-15,-1.2676748028167062e-17
19,-13,4.903621962420914e-17
19,-11,3.8857403521230533e-16
19,-9,-1.0273117869183206e-15
19,-7,2.0710608768353764e-15
19,-5,-6.873245052081647e-15
19,-3,8.028328887122192e-15
19,-1,1.8133338933060475e-14
19,1,-2.4255972194556783e-05
19,3,-1.4654499857928448e-05
19,5,4.279053225900274e-06
19,7,3.010667283643659e-05
19,9,5.556596842593519e-05
19,11,6.683470310555887e-05
19,13,4.890993329754182e-05
19,15,1.6443662857996087e-06
19,17,-4.8389313813098046e-05
19,19,-6.089125500552136e-05
20,-20,6.552646879959267e-17
20,-18,-6.666361053128157e-18
20,-16,-5.4076793579311275e-17
20,-14,2.900092580632955e-17
20,-12,1.7714148256694952e-16
20,-10,1.7105380383547367e-17
20,-8,-3.015430780659527e-15
20,-6,-2.4307661299985688e-15
20,-4,-1.6821402344175656e-14
20,-2,-1.0590625165141496e-14
20,0,0.0005549385984271891
20,2,-5.896884374500841e-05
20,4,0.0023701228776292433
20,6,-2.547934343435894e-05
20,8,8.519808161598457e-05
20,10,4.289674835439022e-05
20,12,-0.0010274437827466258
20,14,5.5933150549986426e-05
20,16,0.0013223463574396361
20,18,-4.578590601454652e-05
20,20,-0.0002638343700355518
21,-21,-8.787697582803717e-18
21,-19,-6.20619104442626e-17
21,-17,-5.275325961657128e-18
21,-15,8.797193353235271e-17
21,-13,3.639776666366592e-16
21,-11,1.3768935716992041e-15
21,-9,1.7121133635138823e-14
21,-7,6.7343726093670955e-15
21,-5,2.6770316643410585e-14
21,-3,5.835625897437895e-14
21,-1,-5.883811055379453e-14
21,1,-7.51276896796312e-05
21,3,-7.442112880361649e-05
21,5,-6.847169613881878e-05
21,7,-5.0918573700990864e-05
21,9,-1.7601001519922676e-05
21,11,2.6580959142102807e-05
21,13,6.171826561461092e-05
21,15,6.124148087735654e-05
21,17,1.665032629707526e-05
21,19,-4.2902536652445996e-05
21,21,-6.286697203541654e-05
22,-22,-2.2091773255955104e-17
22,-20,-9.845114738305938e-17
22,-18,-1.608255245960387e-18
22,-16,1.1224059299180874e-16
22,-14,-5.809738612845816e-18
22,-12,-1.143515630932121e-15
22,-10,3.489031979101613e-15
22,-8,-7.675437438127406e-15
22,-6,3.5752509561012943e-14
22,-4,-1.4133803783579472e-13
22,-2,6.891606172307928e-14
22,0,-0.0018953945052528254
22,2,-5.811641608718499e-05
22,4,-0.002504870034357685
22,6,-7.395027626899915e-05
22,8,0.0006990246923817455
22,10,-3.972048860565865e-05
22,12,-0.0012273424331846504
22,14,5.421519069703217e-05
22,16,0.0022001555556245603
22,18,2.4039500036401633e-05
22,20,-0.0018142813667416772
22,22,-6.379219963281838e-05
23,-23,-1.0698463397561511e-16
23,-21,5.315070235160341e-17
23,-19,-1.8025535234149084e-18
23,-17,7.786745152686724e-18
23,-15,-5.4047885334144454e-17
23,-13,6.395265578323787e-15
23,-11,2.4922087158012635e-15
23,-9,-4.96430142838497e-14
23,-7,1.2001135974613698e-13
23,-5,-1.1428603928444257e-13
23,-3,-8.56731172422316e-13
23,-1,8.456729993934664e-14
23,1,-8.396051890258582e-06
23,3,-2.033727928840904e-05
23,5,-4.0729082262931624e-05
23,7,-6.247843888304687e-05
23,9,-7.305579663793917e-05
23,11,-5.714119689218763e-05
23,13,-1.0734319557221034e-05
23,15,4.4310037860701994e-05
23,17,6.702439535262774e-05
23,19,3.1034836713528135e-05
23,21,-3.697207427274525e-05
23,23,-6.462882701582081e-05
24,-24,-1.3728800940966802e-16
24,-22,7.82103193525745e-17
24,-20,6.026642195935226e-17
24,-18,1.0890043951356174e-16
24,-16,-7.762621711473421e-16
24,-14,8.97062123786199e-16
24,-12,1.1066059938255723e-14
24,-10,2.4968890518825766e-14
24,-8,-1.8844986211179175e-14
24,-6,-8.654042183577779e-14
24,-4,-1.0555480694897683e-13
24,-2,3.861822989242181e-14
24,0,0.00041626403807830246
24,2,4.241105881297332e-05
24,4,0.005736202674013201
24,6,-1.2301981204736552e-06
24,8,-0.002995823222996076
24,10,-6.709116537103005e-05
24,12,0.0007572284724827313
24,14,-2.8450292386816825e-05
24,16,0.0006601407368666732
24,18,6.753646318377729e-05
24,20,-0.0015863298172276298
24,22,-3.4039911652847645e-05
24,24,-0.00027572204978422606
25,-25,-9.61598604211419e-17
25,-23,-2.725757115664451e-17
25,-21,-8.906274398858336e-18
25,-19,-3.1280901532951943e-17
25,-17,3.0105847742249593e-16
25,-15,-6.949205105844963e-15
25,-13,3.69910232795336e-14
25,-11,-4.495108339772176e-14
25,-9,2.672571273412419e-13
25,-7,9.30578905745749e-13
25,-5,5.480945583141719e-13
25,-3,5.5947120698095286e-12
25,-1,-2.881609011874737e-12
25,1,8.139638874822632e-05
25,3,7.731401649499143e-05
25,5,6.520353849732913e-05
25,7,3.837261341419262e-05
25,9,-5.108873461187968e-06
25,11,-5.1419810796345296e-05
25,13,-7.175887631639323e-05
25,15,-4.372590708227425e-05
25,17,2.022695601704257e-05
25,19,6.642321853228184e-05
25,21,4.29017049806134e-05
25,23,-3.103583235998201e-05
25,25,-6.581588435780318e-05
26,-26,-1.5669556037123474e-16
26,-24,1.9165014987093488e-16
26,-22,-1.3555717892401876e-16
26,-20,-7.358896917940759e-17
26,-18,-1.6885859356654671e-15
26,-16,-5.992354601152764e-16
26,-14,2.7446752616832724e-14
26,-12,-5.275641625109843e-14
26,-10,-5.706060910846022e-13
26,-8,1.3409066994118524e-13
26,-6,-1.0022749290402582e-12
26,-4,3.506373484079779e-12
26,-2,3.8676536415443575e-12
26,0,-0.0034820227173042186
26,2,6.799899512050299e-05
26,4,-0.002509470343068947
26,6,7.880466226314427e-05
26,8,0.0006074286907395362
26,10,2.6935899212535174e-05
26,12,0.0012897265485179964
26,14,-6.828231921686512e-05
26,16,0.00010938952763105417
26,18,7.256741039104651e-06
26,20,-0.0018497985792869426
26,22,4.7668074154401036e-05
26,24,0.0010827737713805562
26,26,-6.616159089026718e-05
27,-27,2.0147083724810638e-16
27,-25,-8.754558736911787e-17
27,-23,8.258250936261821e-17
27,-21,-3.084907061673184e-16
27,-19,-8.984712852206223e-16
27,-17,-6.840548897498102e-15
27,-15,-6.97362144830752e-15
27,-13,2.3058994730369307e-13
27,-11,-1.766879929395099e-13
27,-9,-1.9233781203493062e-12
27,-7,2.073892028309968e-12
27,-5,9.314325305476956e-12
27,-3,-2.1169312085050817e-11
27,-1,-6.915979199647688e-13
27,1,-5.703842854603936e-06
27,3,8.83792888578347e-06
27,5,3.532848111265326e-05
27,7,6.39807386985168e-05
27,9,7.580137321020258e-05
27,11,5.2553419844206984e-05
27,13,-3.6039452937078936e-06
27,15,-5.869909345641491e-05
27,17,-6.40945556527864e-05
27,19,-5.657445886470172e-06
27,21,5.954583806450069e-05
27,23,5.18139552381345e-05
27,25,-2.4349572969495404e-05
27,27,-6.641719779881594e-05
28,-28,-5.123689638170108e-17
28,-26,4.081193449806242e-17
28,-24,1.4985351986323317e-17
28,-22,2.6749164459084145e-16
28,-20,5.562597706019289e-18
28,-18,1.39721085513364e-14
28,-16,7.183300939498322e-15
28,-14,-4.319167193706115e-13
28,-12,-1.3631148358745279e-12
28,-10,-1.63656465334937e-12
28,-8,-6.136133579256074e-12
28,-6,3.1565319291995673e-12
28,-4,-6.503529758783128e-11
28,-2,-1.686230431335427e-11
28,0,0.0024294706103693666
28,2,-7.550562588027937e-05
28,4,0.0054316751584071515
28,6,-1.7645540971162568e-05
28,8,-0.0055317889457860555
28,10,6.642416288042214e-05
28,12,0.002668701281991969
28,14,2.1296839308464743e-05
28,16,-0.0017560687007851026
28,18,-6.871364627665424e-05
28,20,0.0008468300931823981
28,22,5.424765881546933e-05
28,24,0.0021040402627697376
28,26,-2.0697807569249654e-05
28,28,-0.006181288217852225
29,-29,-1.3082759114950374e-16
29,-27,-8.033613564933534e-17
29,-25,-5.495861442687794e-17
29,-23,-3.947887733291162e-17
29,-21,-1.47345874417898e-15
29,-19,-4.64113470902147e-15
29,-17,7.493746727469962e-14
29,-15,5.254986755318589e-13
29,-13,1.3306025060038172e-13
29,-11,-3.844407393548932e-12
29,-9,1.2836068575025432e-11
29,-7,-1.2724607485714285e-11
29,-5,-9.032227484865243e-12
29,-3,8.184776172235181e-11
29,-1,-1.0069271552474403e-11
29,1,-8.07304397282385e-05
29,3,-8.38233283409353e-05
29,5,-8.13027763274151e-05
29,7,-5.972789830183804e-05
29,9,-1.3136302441834493e-05
29,11,4.281076394386723e-05
29,13,7.158051029040996e-05
29,15,4.256644351308473e-05
29,17,-2.786020626103009e-05
29,19,-6.96804369290153e-05
29,21,-2.941981395309998e-05
29,23,4.81463045857597e-05
29,25,5.88699462570364e-05
29,27,-1.7039980149770507e-05
29,29,-6.696891947521125e-05
30,-30,1.659671109294396e-16
30,-28,-1.6181537226294484e-17
30,-26,-2.3162682939029267e-16
30,-24,1.620085029929121e-16
30,-22,4.934453056323149e-16
30,-20,-8.988139734374565e-15
30,-18,-1.6115666840309703e-13
30,-16,1.4180616117696665e-13
30,-14,2.129297602608647e-12
30,-12,6.0367810450060245e-12
30,-10,-4.222142928655303e-12
30,-8,-9.141846180701532e-12
30,-6,-2.657283641828738e-12
30,-4,4.048930345115521e-10
30,-2,8.074577982079266e-11
30,0,-0.0025388793274068035
30,2,-5.540481451288418e-06
30,4,-0.005564177080067893
30,6,-6.581867619853513e-05
30,8,0.006402284326385891
30,10,-4.8154591930025734e-05
30,12,-0.0006673718702624564
30,14,6.439742128666514e-05
30,16,-0.003184585847404128
30,18,-1.0016403012692148e-05
30,20,0.0007128403101446915
30,22,-3.943982357169012e-05
30,24,0.005805710836610874
30,26,6.178221145258867e-05
30,28,-0.008395930850615789
30,30,-6.728956503606496e-05
31,-31,-1.301152301138495e-16
31,-29,-1.3213360083772094e-17
31,-27,1.4945176191198724e-16
31,-25,-1.5490897100376202e-16
31,-23,1.5703976758421846e-15
31,-21,3.7552282002826374e-15
31,-19,-2.1061198044146943e-14
31,-17,-3.973863851806196e-13
31,-15,5.072514579071599e-13
31,-13,3.885108751361665e-12
31,-11,5.05228794655013e-12
31,-9,-8.830899263774941e-12
31,-7,-2.0340451161422693e-10
31,-5,3.393139613947203e-11
31,-3,-3.453575450641902e-10
31,-1,-2.0294669551884632e-10
31,1,7.759136049837258e-05
31,3,6.193557766478452e-05
31,5,2.705242461469973e-05
31,7,-2.246167456437417e-05
31,9,-6.461659271699448e-05
31,11,-6.78919664377745e-05
31,13,-1.8896371331943764e-05
31,15,4.860497585162878e-05
31,17,6.671921214551678e-05
31,19,7.60495916712026e-06
31,21,-6.159464282675089e-05
31,23,-4.789356346860809e-05
31,25,3.459652916509007e-05
31,27,6.411628197469176e-05
31,29,-1.0440594350308766e-05
31,31,-6.756651050786638e-05
32,-32,1.0794169877799834e-16
32,-30,-1.3852882039894797e-17
32,-28,9.795614903576315e-17
32,-26,4.411041197432463e-16
32,-24,-8.107031763740344e-16
32,-22,2.2297995847051856e-14
32,-20,3.2015897780299827e-13
32,-18,8.558435957520125e-13
32,-16,9.519131735734244e-13
32,-14,-2.725690670617819e-11
32,-12,-6.158429176916255e-11
32,-10,-4.81504521851746e-11
32,-8,-2.2377792708950262e-10
32,-6,7.22890217060747e-11
32,-4,-1.4025872085995317e-09
32,-2,-1.7375447393029954e-10
32,0,0.005713919546709796
32,2,6.104869010468413e-05
32,4,0.0014049983134075425
32,6,6.6117815846479e-05
32,8,-0.006433291383127802
32,10,-3.3988197435884116e-05
32,12,0.0038006923796948763
32,14,-4.4446749084399376e-05
32,16,0.0005352404628392392
32,18,6.866396302054833e-05
32,20,-0.001410050255643136
32,22,-5.3464989515232e-05
32,24,-0.0021527613512428673
32,26,2.740867933101398e-05
32,28,0.011879790758812446
32,30,-7.543776270270308e-06
32,32,-0.032814147994196415
33,-33,1.9670517119979963e-16
33,-31,4.70805786841262e-17
33,-29,-1.9388995691646853e-17
33,-27,1.3574294498133316e-16
33,-25,1.7216941226226876e-15
33,-23,-2.999190840279094e-14
33,-21,6.281893268871523e-14
33,-19,-1.735981291402701e-12
33,-17,9.8197374712114e-13
33,-15,-5.708579524838946e-12
33,-13,-1.210347130527884e-10
33,-11,-7.106392502759596e-11
33,-9,-4.732970347694518e-10
33,-7,-4.953737174202765e-10
33,-5,-1.8784754645438375e-10
33,-3,3.192250885919343e-09
33,-1,4.6746168772733425e-09
33,1,-2.865765975562271e-05
33,3,-2.0862749539528137e-06
33,5,3.82923397876408e-05
33,7,6.740653535197878e-05
33,9,5.774189053580395e-05
33,11,3.5653581279694267e-06
33,13,-5.676714063413991e-05
33,15,-6.119195468249833e-05
33,17,4.058451781604982e-06
33,19,6.468691442063719e-05
33,21,3.843520794259857e-05
33,23,-4.353092208663539e-05
33,25,-6.00926679587079e-05
33,27,2.0044507481997214e-05
33,29,6.658397538221164e-05
33,31,-4.743370503809618e-06
33,33,-6.767447192457595e-05
34,-34,-4.2431286587344564e-16
34,-32,-2.406480878602755e-17
34,-30,6.143193454638203e-17
34,-28,-5.178781443061014e-16
34,-26,-4.652357159528095e-15
34,-24,2.5082189307637826e-14
34,-22,-3.236885731786714e-13
34,-20,-1.5333819355647566e-12
34,-18,-1.625698563802588e-11
34,-16,-1.1841998405082968e-11
34,-14,-1.9147552281759516e-11
34,-12,3.5812386148170705e-10
34,-10,-8.764143705449579e-10
34,-8,-6.988781623820507e-10
34,-6,2.4020875548798634e-10
34,-4,3.386238252605989e-09
34,-2,-4.32442432535196e-09
34,0,-0.0036021284073489528
34,2,-6.11767328663602e-05
34,4,-0.0037942026942865133
34,6,-1.4252830989898424e-05
34,8,0.01234120314279767
34,10,6.721379519433717e-05
34,12,-0.012325531021779686
34,14,-3.359622902740172e-05
34,16,0.0034475461049010545
34,18,-1.81855890181826e-05
34,20,0.008824273245413315
34,22,5.014567458581409e-05
34,24,-0.016264000664220717
34,26,-6.396273760677359e-05
34,28,0.013496149928152162
34,30,6.683294733403984e-05
34,32,-0.00649100018200789
34,34,-6.750258655527404e-05
35,-35,-2.8980782185483646e-17
35,-33,1.4489015793315903e-17
35,-31,-1.178606027493228e-16
35,-29,-1.3109676517449706e-16
35,-27,-1.8984746491179535e-15
35,-25,2.4870399529688398e-14
35,-23,-1.6326320981031456e-13
35,-21,8.896332312271988e-13
35,-19,4.815724999275336e-12
35,-17,1.2243179733704553e-11
35,-15,8.031742529849819e-11
35,-13,-8.525475250975226e-10
35,-11,2.191735738379069e-10
35,-9,2.3399255860060413e-09
35,-7,2.017562689919658e-09
35,-5,7.59802660970903e-09
35,-3,-1.930626672580107e-08
35,-1,-9.8301336536312e-09
35,1,-1.02572506799978e-05
35,3,-3.477266966748587e-05
35,5,-5.941911852513395e-05
35,7,-5.186310629164811e-05
35,9,-1.8958597921880152e-06
35,11,5.47106661739311e-05
35,13,5.7637368844371255e-05
35,15,-6.261709060428082e-06
35,17,-6.439463864660916e-05
35,19,-3.7086532106329725e-05
35,21,4.370476395664371e-05
35,23,5.865775060925034e-05
35,25,-2.127048622495997e-05
35,27,-6.636284698686283e-05
35,29,5.261482290106818e-06
35,31,6.666387186798695e-05
35,33,1.2423780185078948e-06
35,35,-6.727734911851287e-05
