1.000009024656686
1.0000090246817528
1.000056684337035
1.0000566825385984
1.0000828104806139
1.0000828042084207
1.0002217861920666
1.0002217689614186
1.0002280639604892
1.0002280317306218
1.0004302374136287
1.0004302098353712
1.0004734055919862
1.0004733856340118
1.000681745959749
1.0006816527082498
1.0003761927903048
1.000376119285744
1.000665607408584
1.000665553303231
1.001307341646878
1.0013069785497763
0.9999866279111727
0.9999864989734554
1.0005023214244704
1.0005025638267633
1.0028434966802329
1.0028433136530794
1.0063865456588001
1.0063858263081014
1.0086456432497264
1.0086450619507896
1.0101884993671384
1.0101880295903758
1.0081399336176964
1.0081395367514672
