1.000009024656686
1.0000090246691877
1.0000989064017454
1.0000989068686186
1.00018995482722
1.0001899541734574
1.000496162165049
1.0004961607507639
1.000626322254831
1.0006263220105767
1.0014036879058257
1.0014036897416254
1.0015631706944632
1.0015631691397149
1.0027322967554302
1.0027322946024766
1.0041203931137401
1.0041203939760217
1.003772009145612
1.003772008322171
1.0114767128902986
1.0114767109999125
1.0059401911178099
1.0059401920173208
1.0139223161532145
1.0139223112221873
1.0228505426015837
1.0228505435085902
1.00786991739329
1.0078699511345348
1.0457024261946528
1.04570242753772
1.0267483815644471
1.0267483519792588
1.006830599216427
1.0068304250143054
