0.9999417480057672
0.9999411130014797
0.9999659565261857
0.999965396390847
1.0000382019618193
1.0000365325469196
1.000173694674962
1.0001724055440109
1.0001094830777801
1.0001061380705865
0.9999465171050853
0.9999441676503251
1.0002413669718855
1.0002412906711198
1.000369352219331
1.0003693485598903
1.0001154457159787
1.0001154442780635
1.000330592854031
1.000330600800866
1.0004298027726182
1.0004297945303344
1.000984740602165
1.0009847390226347
1.0001894898218389
1.000189503979364
1.0000326055249882
1.0000325910784371
1.0011316866739868
1.0011316832382744
1.0011370335618115
1.001137060388068
1.0023160539822047
1.0023160223026097
0.9986498720433271
0.9986629132426076
