0.9999417480057672
0.9999404749529204
1.0000853014082223
1.000079381537834
0.9999194061720145
0.9999188635877339
1.0000993798229336
1.0000993736721144
0.9999088174587174
0.9999088268850543
1.0000471194271736
1.0000471063720069
1.0001553071199545
1.0001553241291323
1.000129475888786
1.0001294545338397
0.9995810081257285
0.9995810349068397
1.0001822027696845
1.0001821680544043
1.0013199642484707
1.0013809472704525
0.9989052688876628
0.9989131222495833
0.9977373450437586
0.9978124014403836
1.0012872296468502
1.0012871297164465
1.0015710538040934
1.0017210875402616
1.0026372216897756
1.0028700380632423
0.986121320287466
0.9862762900271204
0.973741019958183
0.973771123609611
