1.0264703208332013
1.0264703025879685
0.7789028284538994
0.7789027774180557
0.28833326781477797
0.28833328138471814
0.1303108463415531
0.13031119562035146
0.11424065212493906
0.1142408275461738
0.07580858274336914
0.07580872990940142
0.05420063012618328
0.05420089340305513
0.04323211143980074
0.043232426716962154
0.034889245227907775
0.034889636618503014
0.029779717575421142
0.029780161147868408
0.026206715700755837
0.026207176524912525
0.02310970839612017
0.023110173025084137
0.020648314626555787
0.020648799414938926
0.018512563199890555
0.018513070292638337
0.016792842434536902
0.016793383218917386
0.01527863017647151
0.015279201683109823
0.014031602377163064
0.014032212093149591
0.012913836756982383
0.012914480437569034
