1.0264703208332013
1.026470311454558
1.1457649544438262
1.1457649657330637
0.5843738452048755
0.5843738312899021
0.48351924947045144
0.4835195086141405
0.7785315772554754
0.7785318287139846
0.7217342180896598
0.7217344522854067
0.7170346066892541
0.7170348268976847
0.7854095846602995
0.7854098185811428
0.7743326117460155
0.7743328676781339
0.7419359291358782
0.7419361678243106
0.7534574701667197
0.7534577067286837
0.7934432204234305
0.7934434637125012
0.7850540498375117
0.7850543043922068
0.770295344348584
0.7702955832440399
0.7811160510805534
0.7811162885666233
0.8057799462864951
0.8057801897793568
0.7998385739748852
0.7998388235638544
0.7915867925298659
0.7915870294999842
