0.9907799610574285
0.990940838280715
0.8237207000585142
0.8237205195645863
0.4199599165908616
0.4199614017618209
0.2452965037658599
0.24530482028016892
0.22979510351641816
0.22983715088894865
0.17285568506858007
0.17295180701454155
0.14654823194608332
0.14651751632710966
0.12425091837361973
0.12413570152927
0.1054228600260134
0.10536403013843243
0.09767815992155998
0.09773845719422744
0.08848322199950313
0.08856616422360257
0.08157161610561493
0.08152765096313296
0.07565879908431024
0.07559294809952559
0.06923293454511427
0.06924157524394521
0.06495175933886017
0.06502179361276673
0.060949974092076434
0.06095601032336864
0.05741526936508727
0.057352665148870295
0.05440578236743971
0.054385199067082314
