0.9907799610574285
0.990859894174398
1.0299230223779352
1.0300228775020284
0.6537634846456142
0.6536294027822389
0.44174758215301935
0.4417676661668423
0.7252546261328858
0.7256805247452388
0.7275907128151731
0.7278887721900015
0.7240590750089726
0.7243476819657757
0.8025112557134829
0.8028198697793322
0.8176098164132891
0.8179068688876904
0.783982710699039
0.7842966201359622
0.8134528123219358
0.8137585519215246
0.8969723745962657
0.897285869472758
0.8958045720390433
0.8961161206719416
0.8656404124990269
0.8659313088451653
0.8878263891587787
0.88811264419936
0.9257897089954874
0.9260993243026836
0.9188365229031759
0.9191424656619015
0.899611181609526
0.8999089495552898
