0.9978643756803258
0.3399217466286752
0.16733738506455093
0.10656250709639185
0.10574692527270098
0.07578830067143806
0.06229390047924386
0.048108633330992426
0.04600860187949999
0.037431959615845195
0.03409133734651956
0.02855673841988738
0.02741184096843961
0.023543009356364126
0.022157133444170547
0.01934142949510151
0.01869354111881228
0.016555288965319707
0.015831000427159278
0.01417939232342494
0.013777879215134311
0.012464948192469042
0.012029026795595674
0.010963932209452767
0.010697857040184435
0.009816489820696796
0.009531561386935573
0.008799799566305224
0.008613799231362525
0.007996991915830039
0.007796674977416348
0.007268655547833317
0.007134871774047758
0.006679009878961322
0.006530721345735697
0.006137354998219044
