0.9978643756803258
0.46003649538811126
0.38088265344950495
0.5290638235148699
0.5346619607274089
0.5188941129407044
0.5231063450897023
0.5102665915413791
0.5083819494362743
0.523345330683989
0.5232649156162654
0.5624793037606661
0.5661254806227768
0.5695350768530565
0.5701376338385059
0.5736288391697685
0.5737903190573079
0.5767102586274855
0.57685496012706
0.5865473476940605
0.5874121712392683
0.5885916351317911
0.5887943209640164
0.5911665631454919
0.5913481551097342
0.5922922839018078
0.5923390366560229
0.596476741069553
0.5968451725332391
0.5973703161339927
0.5974575099292602
0.5989408960852846
0.599069385298244
0.5995061455456487
0.5995264678105603
0.6017706341732684
