1.0403988092847536
0.42297633803589335
0.25551744518939434
0.20574987864100755
0.21162734817941414
0.17798991314536544
0.16350535283018264
0.14117766539017568
0.13786436797956003
0.12153292242542275
0.11557870744152118
0.1038711034611676
0.10162417463870116
0.09217440630176033
0.08893326314234418
0.08183839824077867
0.08035182436853042
0.07415205249774125
0.07207668715980163
0.06737146045293627
0.06637270700172693
0.06199110357599374
0.060542313475174414
0.05722563797632808
0.056516169213432416
0.0532155087121974
0.052133542234065806
0.049712916333789436
0.049179424550680084
0.046619386822845436
0.04584628060537207
0.04402838926015214
0.043585021920367874
0.04153936366124766
0.04092475410640075
0.0395119992205398
