1.0403988092847536
0.5419183625821334
0.43064771703519455
0.5083195870866729
0.5862826539670142
0.5619948399181522
0.5345882145044106
0.4292058575164531
0.44378648886999583
0.39344325820376286
0.38869418966089986
0.487371550028733
0.5252796251117576
0.5260523739992481
0.5245267063910559
0.4859511549148411
0.4784929585903338
0.4679381377977731
0.47403994979526465
0.5161122576194905
0.5315055820153337
0.5372330180040857
0.5341289660618099
0.5157985180352215
0.5168156058128386
0.5093933943520416
0.5097584722146502
0.5256485472940794
0.5324271630618979
0.5399234702129113
0.5377409110657212
0.5301964083711852
0.5327138164769629
0.5294301263531428
0.5283893728922355
0.5319263399855749
