0.9978715393140044
0.3400018797326186
0.16736864395466972
0.1065686645974714
0.10575490440208421
0.07579199372966586
0.06229385671196142
0.04812066314131531
0.04601703903652737
0.0374506405215609
0.03410449779166715
0.028564192037900903
0.02742067043007865
0.023542515235428906
0.022157120028208566
0.019342025332666234
0.01869416337003997
0.01656029109322586
0.01583415123920232
0.0141805814529478
0.013779042978975217
0.01246078069346884
0.01202544622605614
0.010959336814453949
0.010692098231786979
0.00981194407404628
0.009527076325191152
0.008793391092076833
0.008605611646746478
0.007984106541571678
0.007785815255366337
0.007255931134400478
0.007118301563380698
0.006660486969588574
0.006515950377790422
0.006118710685624831
0.006014425286315198
0.005665872022720473
0.005556711622990508
0.005249749051556207
0.0051695739028007545
0.009502699400936128
0.010214751277575278
0.06778280931814352
0.07418513583357418
0.1554722462423777
0.44972239026599453
6.217772619118049
6.644067560226023
14.0165689246585
797.580071970852
7780.8537989281485
9442.432551008085
85272.45141542678
1424335.2829723975
19036286.46865717
19294599.943498407
78203206.21832187
87718588.9060161
3452024094.1141524
