1.0404352732217717
0.42319626671993105
0.2557628852986828
0.20570842453818458
0.21143802476007462
0.17799091585528687
0.1635974620979325
0.14104246475080337
0.13762096304738597
0.12153162804319743
0.11570939241989271
0.10377242034756418
0.10138522423828784
0.09215098562377577
0.08903345439182232
0.08171135926124455
0.08009655308215588
0.07413430270045139
0.07220048006357703
0.06726637081751895
0.06612281559210517
0.06196353896717725
0.06064968511800634
0.05710444001360423
0.05625798220498855
0.053194380268573406
0.052244563177124136
0.0495756428706117
0.04892662919758598
0.04657747667667633
0.04585853532929957
0.04377876886870893
0.043266700473339394
0.04141006303631811
0.04084572234428686
0.039170664542596025
0.03875789259969265
0.0372763053249758
0.03677555334231749
0.035045269143891486
0.0350813390202539
0.03435390907553706
0.033333516261799694
0.05461386459508626
0.07119283112601586
0.13180363045921906
0.31189043367529506
2.8321831496019225
3.46382311575772
5.9416035596601455
187.12427590375307
1837.2791791681425
2813.256120232677
22723.369472748716
281423.3105111501
3631599.1593109174
3865431.85588477
18627655.508071907
22775768.321256712
902106137.7647803
