1.040359159236788
0.42236000641776633
0.25466993573263796
0.20521132746439882
0.21131917465703712
0.1773624247977059
0.16268631846997597
0.1406830427711504
0.13755136203274165
0.12083872313981091
0.11465013555760027
0.10328205498998345
0.10126354417056459
0.09147630856925074
0.08802157483861281
0.08126670732827926
0.07998848612804686
0.0734188266740279
0.07111162307187471
0.06679524642458297
0.06598171049465963
0.061295898801108056
0.05985187829441517
0.05700378841788081
0.05634370798582135
0.05284066215258585
0.05175445498657265
0.04977776736245334
0.04936106426373218
0.04657275235483446
0.04568900662953496
0.044292333635490164
0.04403642061402012
0.04167570031530368
0.0408760496815704
0.03986520969952753
0.03975534730724858
0.03774683468649882
0.037005339747885134
0.035897475433324645
0.03622275885598556
0.03485565046541556
0.03346966588643692
0.056300559960972336
0.0712849208762827
0.1467087619060089
0.2996210312626254
2.2211122291050667
2.9191775111857723
14.476979686975524
205.07333189756656
2066.880851449079
2921.0994185015397
24410.670788997115
307973.42459126684
4262755.620594359
4494654.053858021
18795895.519476287
24313704.371668175
944673087.6513608
