0.9968397996706801
0.34865910962219854
0.09943738178341995
0.004872581857452042
0.004871171333966371
0.0048761889258351785
0.0048777980993419635
0.004875168659929126
0.004874873139130051
0.00487880376822927
0.004880146124567558
0.0048788664047782915
0.004878899871558276
0.004882579820670287
0.004883911603260604
0.004883563655719355
0.004883825888165128
0.0048469110729121336
0.004663350318595712
0.0042462270049393154
0.004144124504228752
0.0035971874369772157
0.003451492235920825
0.0034895911659201403
0.003564872925437684
0.0037699205553777333
0.003841175263645426
0.0040547334867466
0.00412818225581128
0.004345575651712059
0.004420324976968273
0.004639875127604
0.004715310288389559
0.004935320193142722
0.00501295536888218
0.005215534936126091
