0.9968397996706801
0.3489616852729859
0.10170550215463292
0.048082317379144396
0.052553896001570954
0.06478016511260189
0.0684987436152786
0.07827032597717673
0.08176448762361212
0.08545918588815576
0.08783297581223036
0.08852650878024267
0.09037316030592614
0.08731342736629696
0.08826045594791959
0.08359363086837819
0.0841007965765927
0.07811080040453058
0.07780704656356693
0.07066474199463547
0.07007478945510169
0.061375941408269734
0.06046845266880641
0.05353902785096521
0.05263876607258534
0.04872774670576431
0.04834326231687079
0.047272135790837444
0.04723876146510346
0.048331411193466615
0.04864182021236678
0.050377643865926525
0.050738824308700525
0.052099011875425226
0.052391528023722364
0.0526413665854507
