1.0597144589129128
0.3050881430115501
0.08267023265577778
0.011168688169864804
0.011353984594838036
0.011082187239594856
0.010905824880587407
0.011164252320808003
0.011332303818204211
0.01107539404080284
0.010927196136534707
0.011180156665937784
0.011333784151018622
0.01106363108333836
0.011006446186366854
0.011182715988499889
0.011351778621855485
0.011017473585189235
0.010786303374627888
0.01046232604237655
0.010445720159566924
0.009620881452019147
0.009505045374269615
0.008824450375462036
0.008651007159259773
0.008036084834292963
0.0080096470913827
0.007547634980755683
0.007550366761694964
0.007156577026881159
0.007184954119094905
0.0068190817977509845
0.006894513869988104
0.006617761300913073
0.006691998648779513
0.006379180396232102
