0.7592158144709977
0.7593613363699603
0.28057662328369604
0.28058946796826406
0.37005253420240775
0.37021574472944685
0.3083974467911896
0.308368838388575
0.22131644642831405
0.22118144998287648
0.15425441575884521
0.15447056835953624
0.2044547276253798
0.20470604283848506
0.19920239235927584
0.19945459381623015
0.19393251243454623
0.19419860844272957
0.17331546522624303
0.1735965878918958
0.17280594447609143
0.17303866100238258
0.19107073686507856
0.19134830816557402
0.17635136806449356
0.17662387518569803
0.17599957576917555
0.1762867153326287
0.18918114768704647
0.18947449821271117
0.1796406052715177
0.17993260153881904
0.1837131094240195
0.18400096139498723
0.17688775854504088
0.17718109416158417
