0.9224824543027085
0.7293946675385631
0.5882516348214737
0.1344690397066437
0.08077157481393273
0.07586244589202784
0.0714531409010076
0.06591904540960825
0.05392278902283275
0.04645004705359274
0.03898186432046541
0.028223920717679638
0.027116199992232578
0.024647465634991574
0.023557525351311382
0.022110453077165467
0.019463747719115257
0.01787940187585905
0.016103512256332116
0.014213583781630667
0.013729114112366167
0.012836517640427033
0.01238981844260736
0.011757986111090801
0.010824400623885701
0.010209981739296542
0.009517604451022644
0.008853183390061477
0.008595122815721298
0.008201133505949183
0.007968347333755756
0.007676649951045145
0.007315286147145186
0.0073339786850560515
0.0073993869165775595
0.007655642704163703
