0.9224824543027085
0.7357983034180614
0.6042191265038548
0.2904799603125404
0.29571649973413794
0.3367581477740907
0.3057469588245342
0.27610828297535756
0.23818963555224268
0.2059394114666746
0.19009733281523244
0.1863409262894427
0.1921613838421907
0.1997336920298827
0.19855586381096996
0.1920533252245709
0.18124597293383515
0.16893073089868355
0.16306393906474367
0.16188202738633853
0.16508042498440487
0.1695393128743789
0.16986039264580136
0.16671870257320928
0.16134762941344466
0.15460781419598643
0.15147249453988984
0.15095335833642548
0.15292224123362133
0.15573564696891348
0.15620188300619314
0.15437474817378963
0.15114437047965715
0.14680541594774774
0.14480705200191082
0.1444964621735913
