0.9842612844344292
0.7669162725441636
0.5599134336835734
0.19024298350153587
0.16349025223296748
0.15995664528667475
0.15033566963579353
0.1374270491985426
0.11888702680699642
0.10431852479664254
0.09225479029270817
0.08499098873642322
0.08114727449090908
0.07734090496492828
0.0738169047179821
0.0698781905884538
0.06528444115091968
0.061248126938515744
0.05733106169514205
0.05449782531347484
0.05257505297759508
0.05082765004893245
0.04902395942420689
0.04706010237187393
0.044952875998142655
0.04319286425439745
0.04135425352539719
0.03993034963740515
0.03866668635250418
0.037767887669357694
0.036781518000287325
0.035803792265531584
0.03458561086456503
0.033617534437299035
0.032599348275949916
0.031826728629185494
