0.9842612844344292
0.7603342304879862
0.49215891580364735
0.37103895552558064
0.3973831971028224
0.4422317304588525
0.3994139760845818
0.366175933936889
0.29622467488633614
0.24611125081793922
0.20195802932915297
0.19526247258746268
0.20724449772547043
0.22273064028939912
0.22027273613326095
0.21010001014602858
0.1838066871313194
0.16359767113831317
0.15617676438990374
0.15994097182885728
0.15000851011070837
0.1625925113609077
0.15839784523033837
0.1641612552215405
0.15810721093254965
0.15577273399399647
0.15326607953356677
0.14672105042951952
0.15328219661661888
0.164826243191817
0.15438305126295607
0.15667361217896028
0.1555276001996118
0.14911662074168805
0.15128441906627374
0.153006014932211
