1.0001160866912175
0.5858958918756019
0.5576545567935893
0.7612418814236087
0.688968831614116
0.5001887106907206
0.4475271556056585
0.46578995223765657
0.4265291121225161
0.4290205883575029
0.3431060733284147
0.29447095875174806
0.30529692089897065
0.32833883501872385
0.31314020397773124
0.2965047191649371
0.2826989272097334
0.28827404069918827
0.2985972542761201
0.2951042789118494
0.2888358557310261
0.27579622098098777
0.28445422874129883
0.2945359574989783
0.30952930046444666
0.2853956561431703
0.282453532331417
0.28972276142963505
0.2914475535219516
0.2921200228395614
0.28999833444615747
0.2843074655641326
0.2919783569799232
0.29182267781803545
0.29766848149208053
0.28820855011248697
