0,0,0.24580614464786982
1,-1,2.561776471754794
1,1,-1.8139232685198907
2,-2,1.0045175140570064
2,0,0.14212110221561483
2,2,0.6024482041089493
3,-3,0.08629797465686578
3,-1,0.03021527463568966
3,1,-0.11602689325426685
3,3,0.34494798533579263
4,-4,3.5587601617510784e-08
4,-2,0.0007781084355206732
4,0,0.00024525609524482533
4,2,0.0005738640583183084
4,4,-0.0002270710107680591
5,-5,1.3166514419128008e-08
5,-3,8.453543777683575e-05
5,-1,0.0018037980099417522
5,1,-0.001378520106780458
5,3,0.00046624973790773515
5,5,-0.00021300616512145754
6,-6,6.743761354075552e-09
6,-4,-7.966694463586952e-09
6,-2,0.0009210604387037617
6,0,0.0002504650236766447
6,2,0.0005102323959351813
6,4,0.00013804649418101408
6,6,-0.00020092608491954016
7,-7,4.1020646800528556e-09
7,-5,-4.235850374218121e-09
7,-3,9.768316452401588e-05
7,-1,0.002083821003019026
7,1,-0.001579896912218714
7,3,0.0003250321424596523
7,5,0.00014231335637641536
7,7,-0.00019049871536180087
8,-8,2.8573693263521055e-09
8,-6,-2.6305083426075763e-09
8,-4,3.2772813256295846e-09
8,-2,0.0010449309014320673
8,0,0.0003005826713018078
8,2,0.000648563472163127
8,4,-8.143704662127828e-05
8,6,0.00014345163361472322
8,8,-0.00018142147636916687
9,-9,2.2676970435112258e-09
9,-7,-1.8201645828242186e-09
9,-5,1.9670877334877885e-09
9,-3,0.00010926913473325435
9,-1,0.0023311783534984126
9,1,-0.0017716251008146281
9,3,0.0004752738863154336
9,5,-9.203389886056999e-05
9,7,0.00014283807914957614
9,9,-0.0001734495730043834
10,-10,2.060768115788914e-09
10,-8,-1.3934808023395305e-09
10,-6,1.3324490943027348e-09
10,-4,-1.619703970198809e-09
10,-2,0.0011559893094033411
10,0,0.00032379408507764943
10,2,0.0006804394354148539
10,4,5.1539397037320876e-05
10,6,-9.909956390289256e-05
10,8,0.00014123434570812956
10,10,-0.00016638948123451762
11,-11,2.1513557302093107e-09
11,-9,-1.1894282706118486e-09
11,-7,9.864470113004385e-10
11,-5,-1.0555450309445457e-09
11,-3,0.00011979074528362739
11,-1,0.002555548252727024
11,1,-0.001940269991958608
11,3,0.0004542731110707452
11,5,6.196742456666654e-05
11,7,-0.0001037319675943388
11,9,0.0001390785332485092
11,11,-0.00016008854081100578
12,-12,2.572111737148988e-09
12,-10,-1.1453061680010438e-09
12,-8,7.975797009453466e-10
12,-6,-7.569275750053364e-10
12,-4,1.0253883679190596e-09
12,-2,0.0012576930162465103
12,0,0.00035759975792112956
12,2,0.0007628644584359136
12,4,-3.5370204688557704e-05
12,6,6.99946444282431e-05
12,8,-0.00010666866305583908
12,10,0.00013662989830207854
12,12,-0.00015442570652953458
13,-13,3.505332788910728e-09
13,-11,-1.2531911104641303e-09
13,-9,7.121830308150475e-10
13,-7,-5.863480835973554e-10
13,-5,6.765452164683924e-10
13,-3,0.00012949791508635796
13,-1,0.002762694291163447
13,1,-0.0020985258432010736
13,3,0.0005347508225888803
13,5,-4.432937377608612e-05
13,7,7.612051269210795e-05
13,9,-0.00010841060693500681
13,11,0.00013404488895758497
13,13,-0.00014930429105928898
14,-14,5.4774700020070455e-09
14,-12,-1.5574444221585884e-09
14,-10,7.121498453344588e-10
14,-8,-4.922579521630317e-10
14,-6,4.964416043462999e-10
14,-4,-5.799005983223907e-10
14,-2,0.0013522388544881588
14,0,0.00038095317391463195
14,2,0.0008052433010669963
14,4,2.491646370068149e-05
14,6,-5.181073643191605e-05
14,8,8.076017126502768e-05
14,10,-0.00010930284396613288
14,12,0.00013141896852642937
14,14,-0.00014464665664099297
15,-15,1.0200187405086164e-08
15,-13,-2.1917424512536936e-09
15,-11,8.045055956243477e-10
15,-9,-4.537768415942215e-10
15,-7,3.936186795557143e-10
15,-5,-4.170480480354354e-10
15,-3,0.00013857889095954208
15,-1,0.0029563888558165655
15,1,-0.0022450808177444216
15,3,0.0005418281085965039
15,5,3.2325668003145034e-05
15,7,-5.79797938909776e-05
15,9,8.424225750575131e-05
15,11,-0.00010958645612492554
15,13,0.00012881053532520258
15,15,-0.00014039141712798083
16,-16,2.6629971430054584e-08
16,-14,-3.5157095344059703e-09
16,-12,1.0273505737638914e-09
16,-10,-4.662808981065547e-10
16,-8,3.377372156509339e-10
16,-6,-3.1982682542433904e-10
16,-4,4.861076377394303e-10
16,-2,0.0014410966802036332
16,0,0.00040847197982088994
16,2,0.0008687015877969522
16,4,-1.8928579002831614e-05
16,6,3.8860639696967256e-05
16,8,-6.30269950437692e-05
16,10,8.682204373927246e-05
16,12,-0.00010943219340156524
16,14,0.00012625515862520114
16,16,-0.00013650488287282605
17,-17,0.0005027451232648677
17,-15,-6.675464625518811e-09
17,-13,1.4795290367933868e-09
17,-11,-5.392239034293181e-10
17,-9,3.175999094312087e-10
17,-7,-2.616672126253759e-10
17,-5,3.264490502538691e-10
17,-3,0.00014714980669094645
17,-1,0.003139263100080187
17,1,-0.0023843170122727158
17,3,0.0005975449659699002
17,5,-2.504754868266227e-05
17,7,4.452920956667232e-05
17,9,-6.713274877087779e-05
17,11,8.869660097029247e-05
17,13,-0.00010896252874935617
17,15,0.0001237749470905383
17,17,-0.0021435830039703363
18,-18,0.003469043793106374
18,-16,-1.7518943345856726e-08
18,-14,2.4192396236921537e-09
18,-12,-7.02610469594766e-10
18,-10,3.3227139455306505e-10
18,-8,-2.301975848313269e-10
18,-6,2.466802376784304e-10
18,-4,-2.547508874745992e-10
18,-2,0.0015253314520477668
18,0,0.00043051759466464185
18,2,0.0009117148827704434
18,4,1.4086765242012786e-05
18,6,-3.066779070661654e-05
18,8,4.9395848236228257e-05
18,10,-7.04555570187966e-05
18,12,9.001806824142877e-05
18,14,-0.0001082664052187789
18,16,0.00012139271319725167
18,18,-0.00221086860696397
19,-19,0.004071817628814743
19,-17,-0.0003072923667064823
19,-15,4.65948680568263e-09
19,-13,-1.0294872773891241e-09
19,-11,3.904836487296938e-10
19,-9,-2.2104877331040357e-10
19,-7,2.016206881032508e-10
19,-5,-2.0204641224627562e-10
19,-3,0.00015530585005120987
19,-1,0.0033132435287678546
19,1,-0.00251621690403798
19,3,0.0006138648620153343
19,5,1.913950788264745e-05
19,7,-3.572923531248751e-05
19,9,5.3545550829014985e-05
19,11,-7.312984502825372e-05
19,13,9.090427083797425e-05
19,15,-0.00010740966742808935
19,17,0.0013480538433672106
19,19,0.00396835934615256
20,-20,-1.1510080873835559e-09
20,-18,-0.0024180089169710648
20,-16,1.2261058230858252e-08
20,-14,-1.7076418149234494e-09
20,-12,5.161405660555827e-10
20,-10,-2.353950918310293e-10
20,-8,1.7799447844126109e-10
20,-6,-1.6299973048642417e-10
20,-4,2.9282059565625004e-10
20,-2,0.0016057286006271806
20,0,0.0004546037224133253
20,2,0.0009656846506456072
20,4,-1.1544367812530734e-05
20,6,2.392687107471102e-05
20,8,-4.023106150331405e-05
20,10,5.706643655425229e-05
20,12,-7.526762501720853e-05
20,14,9.144695022774868e-05
20,16,-0.0001064476080106637
20,18,0.001567596381999322
20,20,-0.0014609006541080952
21,-21,-0.003918729045722745
21,-19,-0.003117878917842181
21,-17,0.0002003136062394616
21,-15,-3.322872987585525e-09
21,-13,7.658439076305309e-10
21,-11,-2.809244677252195e-10
21,-9,1.7203527530142356e-10
21,-7,-1.3846468732023633e-10
21,-5,1.9227827522385487e-10
21,-3,0.00016311207421137235
21,-1,0.003479792503592732
21,1,-0.0026428686571581643
21,3,0.000657796837948384
21,5,-1.5772576398545664e-05
21,7,2.8363472001199575e-05
21,9,-4.42022445895178e-05
21,11,6.0041756069218426e-05
21,13,-7.69614361487027e-05
21,15,9.171831163762204e-05
21,17,-0.0009065066075593964
21,19,-0.0028153170532652532
21,21,0.0038297944665248644
22,-22,-0.003230871562091157
22,-20,8.85054724620727e-10
22,-18,0.0017661333244107567
22,-16,-8.74223948055185e-09
22,-14,1.2839816567893004e-09
22,-12,-3.762521811376675e-10
22,-10,1.8431785271684828e-10
22,-8,-1.2542720176643806e-10
22,-6,1.4578115419696997e-10
22,-4,-1.1692086115674302e-10
22,-2,0.0016829009049883637
22,0,0.00047536055514466817
22,2,0.0010074653424051946
22,4,8.785446365397037e-06
22,6,-1.98797049324684e-05
22,8,3.241663359257078e-05
22,10,-4.7685301607012445e-05
22,12,6.254664515625338e-05
22,14,-7.828749440511779e-05
22,16,9.177950059295786e-05
22,18,-0.0011639165567371035
22,20,0.0010759745541971991
22,22,-0.0020567186537947353
23,-23,-0.0004563948199143196
23,-21,0.003068968085008712
23,-19,0.002481290777115797
23,-17,-0.00013239872973831528
23,-15,2.518026072114793e-09
23,-13,-5.646515279017337e-10
23,-11,2.2173115436222932e-10
23,-9,-1.2379340313286364e-10
23,-7,1.228093760886288e-10
23,-5,-1.0199677758688306e-10
23,-3,0.000170624706073226
23,-1,0.0036400544040893585
23,1,-0.002764465310502546
23,3,0.0006776766437532158
23,5,1.2333854741454896e-05
23,7,-2.3775175640122162e-05
23,9,3.6083912949846255e-05
23,11,-5.072738755139637e-05
23,13,6.464724697893087e-05
23,15,-7.93087923286641e-05
23,17,0.0006211515023026167
23,19,0.0021040327840438264
23,21,-0.00279738987631877
23,23,-0.0019412258371632833
24,-24,-2.2890725992913856e-08
24,-22,0.002391010083918444
24,-20,-7.067054987612604e-10
24,-18,-0.0013001873253190596
24,-16,6.62352730239148e-09
24,-14,-9.555209044145334e-10
24,-12,2.988916540330853e-10
24,-10,-1.3472864600053412e-10
24,-8,1.0614934496366201e-10
24,-6,-9.50359422667212e-11
24,-4,2.1189005846513498e-10
24,-2,0.00175732804937468
24,0,0.0004972572399414059
24,2,0.0010557274848516122
24,4,-7.69900973668129e-06
24,6,1.5851618871046655e-05
24,8,-2.741244395770985e-05
24,10,3.937967610603462e-05
24,12,-5.337552994507158e-05
24,14,6.640099264715745e-05
24,16,-8.008025404614262e-05
24,18,0.0008714780980549484
24,20,-0.0008253590938259034
24,22,0.0015434195119814374
24,24,-0.00011365361736355853
25,-25,-8.474516753102662e-09
25,-23,0.00031447614300981173
25,-21,-0.0024892144379420424
25,-19,-0.0019846837915257487
25,-17,9.409596337578853e-05
25,-15,-1.8855572573189125e-09
25,-13,4.5153423525642075e-10
25,-11,-1.6577751679497264e-10
25,-9,1.0157405643501306e-10
25,-7,-7.771793943690304e-11
25,-5,1.291366103609615e-10
25,-3,0.0001778849870853617
25,-1,0.0037949544674631816
25,1,-0.0028821945491976616
25,3,0.0007149715374774063
25,5,-1.072494846759182e-05
25,7,1.9251642168093247e-05
25,9,-3.0772320737101235e-05
25,11,4.2327043322175094e-05
25,13,-5.567420582190057e-05
25,15,6.785752261084941e-05
25,17,-0.00045693744521091634
25,19,-0.001590709986637651
25,21,0.002140431579020435
25,23,0.0013648080612975975
25,25,-0.00011150490029788364
26,-26,-4.389012082084017e-09
26,-24,1.7115664860971164e-08
26,-22,-0.0018379883822975391
26,-20,5.663167773393789e-10
26,-18,0.0010067113032072575
26,-16,-4.946705060333561e-09
26,-14,7.687499408767454e-10
26,-12,-2.2753255034324632e-10
26,-10,1.1579825956068365e-10
26,-8,-6.046664545626947e-11
26,-6,8.302978954563251e-11
26,-4,3.8542909607706004e-11
26,-2,0.001829381668263085
26,0,0.0005169331065176102
26,2,0.0010959923096066442
26,4,5.849127356498747e-06
26,6,-1.3775749523306938e-05
26,8,2.2482826925485127e-05
26,10,-3.3852451759471026e-05
26,12,4.49530789677115e-05
26,14,-5.766425230531473e-05
26,16,6.906146933545746e-05
26,18,-0.0006850061454914718
26,20,0.0006355452243597048
26,22,-0.0012024332483269134
26,24,0.00010538139005544707
26,26,-0.00010948955758986417
27,-27,-2.706846550083688e-09
27,-25,6.480008024709552e-09
27,-23,-0.00022669847259972978
27,-21,0.0020216787945229815
27,-19,0.0016500356998574149
27,-17,-6.479345029688888e-05
27,-15,1.5216192154248276e-09
27,-13,-3.395389142742134e-10
27,-11,1.4066412098641286e-10
27,-9,-6.500922244994641e-11
27,-7,9.481465477783181e-12
27,-5,1.8495500872252866e-10
27,-3,0.0001849338543962422
27,-1,0.003945355961890818
27,1,-0.0029963519594414668
27,3,0.0007363220339099413
27,5,8.430942550200523e-06
27,7,-1.677179242371567e-05
27,9,2.5517775318630972e-05
27,11,-3.666051059407326e-05
27,13,4.728593849489135e-05
27,15,-5.9382625355041806e-05
27,17,0.0003291542833055012
27,19,0.0012669907969354108
27,21,-0.001648464798165408
27,23,-0.0010051963563857964
27,25,0.0001037195341003576
27,27,-0.00010758147171173867
28,-28,-1.913046542321601e-09
28,-26,3.401147774973773e-09
28,-24,-1.330925368936635e-08
28,-22,0.001412082485434491
28,-20,-4.717474940224343e-10
28,-18,-0.0007659017966215681
28,-16,3.9916451551543275e-09
28,-14,-5.820084682566368e-10
28,-12,1.8936229363941462e-10
28,-10,-9.659536616374297e-11
28,-8,1.4483738665002426e-10
28,-6,3.8469993259210894e-11
28,-4,-1.98890241526754e-11
28,-2,0.0018993279100705158
28,0,0.0005372859327977885
28,2,0.0011403999627627723
28,4,-5.483736124977772e-06
28,6,1.1072286133359541e-05
28,8,-1.966206777167671e-05
28,10,2.8344535323479113e-05
28,12,-3.920992931579165e-05
28,14,4.935327292982975e-05
28,16,-6.086385011391475e-05
28,18,0.0005303493331560398
28,20,-0.000511558125571105
28,22,0.0009367290217501541
28,24,-9.74224295387347e-05
28,26,0.00010213764629383598
28,28,-0.00010576996108288489
29,-29,-1.5403812882141873e-09
29,-27,2.1195903635641447e-09
29,-25,-5.139516129067797e-09
29,-23,0.00016319695985426443
29,-21,-0.0017032515970299691
29,-19,-0.0013560087486307638
29,-17,4.9796897562692216e-05
29,-15,-1.1661245920642305e-09
29,-13,3.014595220113823e-10
29,-11,-7.063235410961096e-11
29,-9,-1.2062170916150651e-10
29,-7,-3.3892601879454384e-10
29,-5,3.4617305072164896e-10
29,-3,0.00019179585786883953
29,-1,0.004091826486230577
29,1,-0.0031076409303118177
29,3,0.0007694847729527972
29,5,-7.72384415390518e-06
29,7,1.3701735264340703e-05
29,9,-2.2415873769157466e-05
29,11,3.096101749555848e-05
29,13,-4.151715165242045e-05
29,15,5.118140592801517e-05
29,17,-0.00026126886023746887
29,19,-0.0009955375284358655
29,21,0.0013329057811991
29,23,0.0007415899652142865
29,25,-9.62962429536415e-05
29,27,0.00010062063969251995
29,29,-0.00010404685205606129
30,-30,-1.4197401846434146e-09
30,-28,1.5113669064195512e-09
30,-26,-2.7296912004924834e-09
30,-24,1.0335178680598264e-08
30,-22,-0.001133735569987904
30,-20,3.880549185740703e-10
30,-18,0.0006228876794792978
30,-16,-3.043305398830768e-09
30,-14,4.905588073540757e-10
30,-12,-2.0626682082077526e-10
30,-10,6.503144749806496e-11
30,-8,-1.0047699872499687e-10
30,-6,-3.3773061592579096e-10
30,-4,-9.222497259514997e-10
30,-2,0.001967688847927975
30,0,0.0005561371941091781
30,2,0.001179342790582511
30,4,4.071642043398284e-06
30,6,-1.0045101098824736e-05
30,8,1.6270912319705305e-05
30,10,-2.5016356196598315e-05
30,12,3.337166074777551e-05
30,14,-4.359991631111533e-05
30,16,5.279585675783841e-05
30,18,-0.00043692503022599094
30,20,0.0004051670664828199
30,22,-0.000761484225800692
30,24,8.82833869577818e-05
30,26,-9.519947163875066e-05
30,28,9.916357980260142e-05
30,30,-0.00010240512215931398
31,-31,-1.5024900751935717e-09
31,-29,1.2264768279700645e-09
31,-27,-1.71707219836564e-09
31,-25,4.063283625029539e-09
31,-23,-0.0001242853548071184
31,-21,0.0014157266643382875
31,-19,0.001166443497565776
31,-17,-3.45808412340671e-05
31,-15,1.0006714332055581e-09
31,-13,-2.0740540201706466e-10
31,-11,4.017555036534585e-10
31,-9,1.5582402183461404e-09
31,-7,9.459267228536948e-11
31,-5,2.639139346684868e-10
31,-3,0.00019839038773878778
31,-1,0.004232171542464702
31,1,-0.003214204304750403
31,3,0.0007910206518279692
31,5,6.007783059142519e-06
31,7,-1.2382358060795382e-05
31,9,1.8745916960030368e-05
31,11,-2.745535153158051e-05
31,13,3.558454747027159e-05
31,15,-4.547624210461445e-05
31,17,0.00019249937782932268
31,19,0.000833446656753815
31,21,-0.0010610416418765397
31,23,-0.0005781738328014956
31,25,8.761484653947408e-05
31,27,-9.412552849870091e-05
31,29,9.776280460365347e-05
31,31,-0.00010083854953645788
32,-32,-1.8199582311997419e-09
32,-30,1.1382534771269266e-09
32,-28,-1.234199060170202e-09
32,-26,2.180506849340077e-09
32,-24,-8.3979780028724e-09
32,-22,0.0008917857638226768
32,-20,-3.370716327794835e-10
32,-18,-0.00048179506150470707
32,-16,2.5812508432802124e-09
32,-14,-1.4854149184429756e-10
32,-12,-5.200003447294164e-11
32,-10,-9.811082087489284e-10
32,-8,-6.075719393867013e-10
32,-6,-4.468932087298639e-10
32,-4,1.5058987021704646e-09
32,-2,0.002038242562936315
32,0,0.0005765587213859088
32,2,0.0012234264699313873
32,4,-4.11151455481588e-06
32,6,8.035814300006432e-06
32,8,-1.469041899963396e-05
32,10,2.111447663794149e-05
32,12,-2.9731700427794138e-05
32,14,3.761020277166124e-05
32,16,-4.7164607549592806e-05
32,18,0.0003445209105999721
32,20,-0.0003395191426899034
32,22,0.0006076397326602977
32,24,-8.091534084164208e-05
32,26,8.693686247474857e-05
32,28,-9.307451822025433e-05
32,30,9.641507005332147e-05
32,32,-9.934153949421002e-05
33,-33,-2.511547226368779e-09
33,-31,1.2119809954416997e-09
33,-29,-1.0086865798129602e-09
33,-27,1.3826064481425764e-09
33,-25,-3.3519584952328175e-09
33,-23,9.173822271724507e-05
33,-21,-0.0012294650857972418
33,-19,-0.0009744480978454316
33,-17,2.8936333252461764e-05
33,-15,-7.224142586991164e-10
33,-13,-3.822913434862082e-10
33,-11,-1.9038025088977188e-09
33,-9,-7.754396542650935e-09
33,-7,2.5975314030326367e-08
33,-5,2.1384904123667834e-08
33,-3,0.00020423427324746412
33,-1,0.004351213091937896
33,1,-0.0033048731174582717
33,3,0.0008187672391579889
33,5,-5.818148567734964e-06
33,7,1.0138293743931468e-05
33,9,-1.6937662861433834e-05
33,11,2.3356368679771534e-05
33,13,-3.184644981048406e-05
33,15,3.946006858485679e-05
33,17,-0.00016438982172135627
33,19,-0.00066921453906084
33,21,0.0008968223313605402
33,23,0.0004396538525607815
33,25,-8.064490897241929e-05
33,27,8.624863789940048e-05
33,29,-9.204689852047777e-05
33,31,9.511737880674523e-05
33,33,-9.790897041078666e-05
34,-34,-3.972745579702633e-09
34,-32,1.4759743748472406e-09
34,-30,-9.420873860219693e-10
34,-28,1.0005390685163353e-09
34,-26,-1.8149484967311602e-09
34,-24,6.681194592934136e-09
34,-22,-0.0007437734777218567
34,-20,3.029815693764573e-10
34,-18,0.0004104815201368416
34,-16,-2.073158363249723e-09
34,-14,-1.000277681247092e-10
34,-12,-7.372194164797302e-10
34,-10,-7.670693197964169e-09
34,-8,1.0587664388012253e-08
34,-6,-6.9443108124903195e-09
34,-4,-1.4380623079434054e-08
34,-2,0.002130573605379955
34,0,0.0006005159834205094
34,2,0.0012773346632949344
34,4,2.9260613999115405e-06
34,6,-7.611709536374141e-06
34,8,1.2175447939984836e-05
34,10,-1.9108807904728042e-05
34,12,2.5477638586326352e-05
34,14,-3.380750642222436e-05
34,16,4.114792342723594e-05
34,18,-0.0002963082526026309
34,20,0.00027328135978427193
34,22,-0.0005123478620241679
34,24,7.287838595856406e-05
34,26,-8.033795177870948e-05
34,28,8.555369080222395e-05
34,30,-9.104295402899831e-05
34,32,9.386691657857454e-05
34,34,-9.653591483226444e-05
35,-35,-7.491069866930962e-09
35,-33,2.0462832933387918e-09
35,-31,-1.0088059734913743e-09
35,-29,8.225968312602595e-10
35,-27,-1.1589249428070929e-09
35,-25,2.7087975884993887e-09
35,-23,-7.356377790665054e-05
35,-21,0.0010366060851877894
35,-19,0.0008629581356999527
35,-17,-1.9556856796982047e-05
35,-15,7.973239332318913e-10
35,-13,8.612524551689062e-09
35,-11,2.1910330945550722e-08
35,-9,7.239124633169634e-08
35,-7,-1.7199386534868902e-08
35,-5,-2.037059135717302e-07
35,-3,0.0002082156175139926
35,-1,0.004352695611827841
35,1,-0.0033074433639962266
35,3,0.0008302302260194635
35,5,4.602498322979877e-06
35,7,-9.529530188789866e-06
35,9,1.4146468935760584e-05
35,11,-2.1179925782182633e-05
35,13,2.74589703182412e-05
35,15,-3.5618174866779704e-05
35,17,0.00012088251686005462
35,19,0.0005848414779008723
35,21,-0.0007276306768722763
35,23,-0.000360745007306321
35,25,7.290692725927397e-05
35,27,-7.999696318722667e-05
35,29,8.485533318055243e-05
35,31,-9.006275044253309e-05
35,33,9.266098705199336e-05
35,35,-9.521651172156228e-05
