1.0597144589129128
0.3113529235802428
0.0790121895392636
0.04074650971762193
0.05410152249030727
0.05341537514727428
0.06463591218812885
0.06073655752668943
0.0725287589063579
0.06542263772690946
0.07483627285455952
0.0662674423724048
0.07490221791067624
0.06495482582252993
0.07149161551423659
0.06113527288454271
0.06648976803653361
0.055968494462994046
0.05945222512292839
0.04970802152914653
0.05050515982551543
0.03953335535454301
0.041666897438422765
0.03394349784769286
0.03234392634464084
0.027970018645781133
0.028087420718255065
0.027030475177412267
0.02716326849466832
0.028270977637918644
0.030190514620016543
0.031375651440444276
0.03073202192873577
0.030887198313644837
0.03427527313917301
0.03364564675443604
