0.9970488854034798
0.3374555135744675
0.09659881811239687
0.030698555626285137
0.03069835879954631
0.03040178207099124
0.028717429623148622
0.023967858901137135
0.023585240061825868
0.017490864305345178
0.016049956749539324
0.012689682713912508
0.01210862759303913
0.010399375871913261
0.009995318955882763
0.008705164641966655
0.008500468769608941
0.007283438607181166
0.00703074549437286
0.006176111922781391
0.006030351934653663
0.00545739532724161
0.005319664563313591
0.004829197603844967
0.0047456469981750305
0.004290763045579558
0.004183730790069278
0.004073214364793221
0.004146129809744536
0.004344768064468967
0.004410003823174889
0.004627467078389578
0.004698538201100128
0.004917292522093283
0.00498985072634485
0.005193690756698027
