0.9970488854034798
0.3486759799029482
0.14337034313916824
0.24578745651551526
0.26181736011695783
0.23003321051184325
0.23116182341826355
0.1864211073269836
0.18480991274302272
0.14705752070280761
0.14502933012917452
0.14918702575575296
0.15000608538203197
0.16083010456298227
0.16224576018327316
0.15191928806921332
0.15038167851040055
0.13881065509662432
0.13821507531900346
0.13970713043325728
0.14041047892647526
0.14507364158996325
0.1452471682064058
0.142115330328417
0.1416698799635344
0.13525355090322513
0.13479287523580372
0.13531664875470187
0.13559044148326466
0.13888273606343468
0.13916235084952847
0.13710630743576543
0.13665664056332416
0.1329590412556746
0.132720581884762
0.13297866122345448
