1.055959998003788
0.33164199661526483
0.10180022583957636
0.0687661528324519
0.06892896584157464
0.06694451939542317
0.0626988713476098
0.057260747563309275
0.057272903285915416
0.04990879010995272
0.046759078934171514
0.04213549537228735
0.04080238902137056
0.03750766065400675
0.03590390638269376
0.03348257315539313
0.032967364335948955
0.03017741331082135
0.02908991731680198
0.02741609806914724
0.026931635311713966
0.025187348999134513
0.02448351714924687
0.0234580946146158
0.02316407554878553
0.02169712506889837
0.02120411985604377
0.020435984899728973
0.0201943422720594
0.019108487711526366
0.01870739473930717
0.01819724914851355
0.018071654990121477
0.01708172105991003
0.01677576795476987
0.016338311486030745
