1.055959998003788
0.3685630100271853
0.16655900369916407
0.22279978709275283
0.28786393540775507
0.24221492746348422
0.26063786098596486
0.19860646083415545
0.20647215377527423
0.15881029910510802
0.15122041809615086
0.137228404018302
0.13663897283534915
0.14966198497233635
0.17216612450021643
0.16403422175451765
0.15535239236453127
0.14822361742717796
0.1527022940430536
0.1501095953033498
0.15550185807242436
0.156266011065033
0.15042379332053699
0.14816293148229157
0.15852637475161332
0.15311396927591012
0.1493248809632321
0.153412822801561
0.15060309296876084
0.15197856434626922
0.16065083407072686
0.15702959683525078
0.15095295419590812
0.14984682547199116
0.1532532112594863
0.15273000069678963
