0.9984303480162817
0.9982122570078621
0.6153205907985337
0.6127871578970067
0.23045315706640646
0.22709443889753383
0.10264658113491998
0.08689761060300473
0.07934355188543879
0.05690661174379646
0.05496362522279395
0.036514451677528995
0.03295994699026479
0.028286691715743176
0.024737927523979054
0.023550962267392533
0.01922306278160665
0.017770177197571298
0.015526067422149311
0.014448655703252109
0.013483455848420275
0.012133386945428567
0.011233293987205533
0.010252008757570843
0.009681873556635702
0.009097817276396445
0.008509188740802988
0.007942494710476318
0.0074376870034467595
0.007080161957004049
0.006743201940217524
0.006407859729145328
0.006079651454816955
0.005890513190432569
0.00620939071875048
0.006212625527098691
