0.9984303480162817
0.9977769337272303
0.6933112179932612
0.6878179385209972
0.45730341215228293
0.4593356777492069
0.280748339404334
0.2978035459184435
0.3448898980557327
0.3389890465521623
0.3265633006371868
0.33252523728403255
0.3295334695435495
0.33634993971266997
0.33797730892855476
0.34314966635223515
0.33916020137139025
0.33806172156391207
0.3413510779211547
0.34340243927105196
0.3427932098634177
0.34343663356673293
0.3434576459604222
0.34437958219249315
0.3452408374255562
0.3455923235131148
0.34531642379566085
0.34560456867516853
0.34648934717662616
0.3470770331460524
0.34697617859069907
0.3469867207506679
0.3471604017177333
0.347662027442508
0.34810677156751396
0.3482416475984786
