0.9754800731681403
0.9611743450643108
0.5642953184125084
0.598039816872021
0.226896261945121
0.23521539760001886
0.14941051805613187
0.12351007390369892
0.12309562378988588
0.10140126750214155
0.09562363976634172
0.09075359386843697
0.08242934186379729
0.07926041879228674
0.07262847719092794
0.06806725912242001
0.06586108584277421
0.061275274300173495
0.0595296586215712
0.05589932721042435
0.053353992092383985
0.05140885684380343
0.049091424629477215
0.04770039869361326
0.0454847667541285
0.043686318533443104
0.04255147133941318
0.040943121976406475
0.039755177180163685
0.0382581954363496
0.03723608996815264
0.03628530864386194
0.034946486042641674
0.034096578445454225
0.03328315209825532
0.03238900372028542
