0.9754800731681403
0.9537732002931666
0.697123238692989
0.6980063289961935
0.5511264641543664
0.5585474385079077
0.3943066094185748
0.3466615346127601
0.35725057321332127
0.3371305236734124
0.34632585181733777
0.3115938855662745
0.28814549880537343
0.3422764981016251
0.3563720403484508
0.37330598065524234
0.38025217626183316
0.38959555051671396
0.38034701988050984
0.388920116512529
0.37378485707638637
0.37623118384173154
0.38484436437157504
0.3841243954486308
0.38063607916212067
0.39264520213054005
0.3888089614403811
0.38460446429510503
0.3932781330558041
0.3933390439456468
0.3908982822037672
0.3963903235677268
0.39224541803852647
0.3894226422993592
0.3924453746593971
0.3901968364098848
