0.0004001200320081114
0.00044498309819229835
0.0004890772514782925
0.0005144959932484661
0.000660320911777873
0.0006725455434441469
0.0007412432448132293
0.0007512602763240235
0.0009103377032721652
0.0009154093749988561
0.0010066646588660765
0.0010105581630237349
0.001177085734376029
0.0011793161048936503
0.0012861720757044138
0.001287882926176983
0.0014562790560570657
0.0014573851828834415
0.001574843957409343
0.0015757139136029275
0.0017445352323030429
0.0017451505409543965
0.0018706072922918561
0.0018711051559305596
0.0020405196221824455
0.002040895093051995
0.0021730809186687144
0.0021733925989620216
0.002343985163304178
0.002344231513363331
0.002482643014644436
0.0024828520123336105
0.0026569223111046645
0.0026570931085694205
0.00280881336381564
0.002808959765805787
