0.0004001200320081114
0.00041437971512183283
0.7529019728669162
0.7529020689752791
0.6223561558235537
0.6223562814176771
0.5634531863372894
0.56345328634373
0.5889649070929046
0.5889650307724534
0.6668699971199707
0.6668701365961629
0.6445290313825134
0.6445291759993317
0.6359403340988864
0.6359404622144544
0.6480931580415725
0.6480932919958924
0.673510460612403
0.6735106006905544
0.6647159758838326
0.6647161180078632
0.661908657932825
0.6619087899273973
0.6679275130283354
0.6679276486508867
0.680320140873397
0.680320280865164
0.6755630441120615
0.675563184658555
0.674279063626281
0.6742791965505723
0.6778256823060803
0.677825818406734
0.6851294009975765
0.6851295405087616
