0.00040012003200811107
0.0005335619534807994
0.7273983947264155
0.7277847647482636
0.61605217733577
0.6163684523558565
0.5546278451523755
0.5544534978835993
0.7322875638950838
0.73255485641496
0.9026357663859014
0.9029360088649607
0.8450410704190258
0.8453319881065434
0.7817609777592918
0.7820333852764961
0.8589742558977165
0.8592508053614115
0.9379722790568797
0.9382626158544011
0.899790873574871
0.9000776734066736
0.8596044657907917
0.859849578220891
0.9104109823698197
0.9106899510543043
0.9600654723299032
0.960352610754155
0.928448478985272
0.9287341666976846
0.8991878088096654
0.8992949356244638
0.9357504442610848
0.9360307381524366
0.973350385815502
0.9736364308971188
