0.00040012003200811107
0.0006669200800231446
0.0007165185596226588
0.0009149791895657603
0.0012807098319280968
0.00148654545557996
0.0016044949281471214
0.0017975825294133086
0.002090378401993897
0.002292519502542263
0.002449520482059749
0.0026445662050168513
0.0028947906503652048
0.0030959374416688417
0.0032779932355863294
0.0034744908977500017
0.003697811730520957
0.00389855259802942
0.004098116814180223
0.0042955587661424755
0.004500364100917832
0.00470090056944434
0.0049134661151634534
0.005111537887517452
0.005302782030377443
0.005503201609875475
0.005725866195610963
0.005924375486198786
0.00610520580618068
0.006305552496074882
0.006536387926118538
0.0067352122700975155
0.0069081744207006735
0.007108470734000187
0.007349622609901244
0.007548651131811671
