0.7481924288947974
0.748192427847682
0.21230749060681348
0.2123076496678758
0.08643744342649201
0.08643761578386908
0.08250091926951167
0.08250109814021823
0.05213608591762189
0.05213635196664448
0.04553030303433978
0.04553070020697162
0.0340999543634678
0.03410040277346762
0.029962072094619274
0.02996262055654401
0.024215267258093653
0.024215896846938978
0.021563838280560917
0.021564609298947487
0.018278387774926994
0.018279240151706636
0.016537021906395007
0.01653800472958109
0.014400915368848282
0.014401997214251823
0.013163558663186338
0.013164795274525432
0.0117237851295934
0.01172513033564179
0.010852413861702949
0.010853906766681394
0.009786944929005144
0.009788561871340046
0.009139315914890683
0.009141084240017536
