0.7481924288947974
0.748192428368503
0.9766959195529847
0.9766959521462856
0.3821929626520158
0.38219299970862425
0.5563359471566182
0.556336022155028
0.45144873594524443
0.4514488958270275
0.5576233893641034
0.5576235444574822
0.5102907796144422
0.5102909522977649
0.5531209903490186
0.5531211337511627
0.5319512006283541
0.5319513771584301
0.5610846662207509
0.5610848346270595
0.5461028948317264
0.5461030710884089
0.5645821464661006
0.5645823063769001
0.5548668102123089
0.5548669865692828
0.5691255121829137
0.5691256871989961
0.5613173423967804
0.5613175207547398
0.5717994433098781
0.5717996070372992
0.565974286434436
0.5659744642448366
0.5745439463279478
0.5745441249431736
