0.7635968453161122
0.7635351401324133
0.3629101990597771
0.3630558677104289
0.2274844359683412
0.22759465746158344
0.2010416436314624
0.20099433788044366
0.1595028022641149
0.15941925908704993
0.14227860323701524
0.14229655723363463
0.12134122405086592
0.12140030900150742
0.11038174052543037
0.11037108699922499
0.09754257855837212
0.09749561754065861
0.08989627734334805
0.08990293173119471
0.08132605999460366
0.08136419057338944
0.07591566408405129
0.07591085700866666
0.06970672802098002
0.06967427277202262
0.06551948194437936
0.06552302173623224
0.06098603976212636
0.06101374910749314
0.05771727405754316
0.05771445327490772
0.05429257666058554
0.054268053352416766
0.05148091133947931
0.051481765321554136
