0.7635968453161122
0.7635531765988692
0.9435612115535807
0.9437118656066705
0.4974211058872138
0.4973428258231287
0.690182939023806
0.6900803861632835
0.4022658521364117
0.4024436925327405
0.5901540474056586
0.5903867583695523
0.43579231721324524
0.43600549539421024
0.46570520062676385
0.46558127321387216
0.4463931646992099
0.4465932589236366
0.5500917666809251
0.5503123938376747
0.46064371736916726
0.4608583068763502
0.4739899699049007
0.4738342912288669
0.46879321769459803
0.4689981230892842
0.5393113554912151
0.5395282057387397
0.4730860530622084
0.47330118736845667
0.482277420680746
0.48211485575280744
0.4789590668354445
0.4791666395123375
0.5341522322725627
0.5343684613480857
