0,0,0.2066347118388606
1,-1,2.1257749890538404
1,1,-1.4710870459883827
2,-2,0.7037939615320044
2,0,0.03994477752839047
2,2,0.42207858041016116
3,-3,0.060411617060586925
3,-1,-0.9829449452428192
3,1,0.6202585768214404
3,3,0.16786006398980904
4,-4,0.10289581389316062
4,-2,-0.43566817953892384
4,0,-0.1077413021657386
4,2,-0.2611552312936548
4,4,-0.06186894246214215
5,-5,0.23567577536983136
5,-3,-0.032235143434194355
5,-1,-0.6258180627719102
5,1,0.4740823455764281
5,3,-0.17765463442729015
5,5,0.17612077706013224
6,-6,-3.057493294773488e-09
6,-4,0.05498940042497425
6,-2,-0.21189751655652603
6,0,-0.049527921185521455
6,2,-0.12717434858197102
6,4,-0.0327470375399618
6,6,-0.044337583476311296
7,-7,-0.24706120735412682
7,-5,0.09661877397520463
7,-3,-0.01770694334655778
7,-1,-0.1472312206241313
7,1,0.11887294361703062
7,3,-0.044883262647094656
7,5,0.06784341754911206
7,7,0.18400627926152704
8,-8,-0.1118086198649199
8,-6,-4.90572211880839e-09
8,-4,-0.0668077944287394
8,-2,-0.008322531926294273
8,0,0.0022234932818560454
8,2,-0.004998043798890548
8,4,0.03995201109210187
8,6,-0.006359681677532915
8,8,-0.06714598467216559
9,-9,-0.015151990996052841
9,-7,-0.0054392246312829065
9,-5,-0.21821245269621836
9,-3,-0.004593140273854369
9,-1,0.15829692521298502
9,1,-0.11054985899734218
9,3,0.04039265769411008
9,5,-0.15546950795244457
9,7,0.0017868047924587298
9,9,-0.02281099789402033
10,-10,-0.049618929468671996
10,-8,0.019484347363169893
10,-6,-4.674705509552544e-09
10,-4,-0.07838871447620448
10,-2,0.0859519516040496
10,0,0.024583159226925864
10,2,0.0515146119050903
10,4,0.047055486526752975
10,6,0.039245738402263586
10,8,0.011870503743827376
10,10,0.02973119970078983
11,-11,-0.10852907804374347
11,-9,0.0016227913434506867
11,-7,0.26218463947885673
11,-5,-0.14514230335120412
11,-3,0.002802687500574981
11,-1,0.20051018352970276
11,1,-0.14612413051790804
11,3,0.052590572829488286
11,5,-0.1097686324325669
11,7,-0.18840967698749284
11,9,0.021244881424389305
11,11,-0.08173570728394597
12,-12,9.286491941754076e-09
12,-10,-0.015806006341000815
12,-8,0.1093124725402444
12,-6,-5.55687007169269e-09
12,-4,-0.03826997142556697
12,-2,0.06861159770121882
12,0,0.017907059332248506
12,2,0.041169743007473295
12,4,0.022893275450816052
12,6,0.022871495364279723
12,8,0.0653893541626677
12,10,0.009632855360768142
12,12,0.02027850424357702
13,-13,0.11028993075771855
13,-11,-0.027071424740466782
13,-9,0.012457197761031644
13,-7,0.07616339223521816
13,-5,-0.05006620837136527
13,-3,0.0040954995209702095
13,-1,0.06861558321472223
13,1,-0.05198767558289894
13,3,0.01698694209439118
13,5,-0.036242246263618695
13,7,-0.06015249172877727
13,9,0.025299305615059983
13,11,-0.019036292587840786
13,13,-0.08295785738536057
14,-14,0.05101901061805218
14,-12,1.2521548704876162e-08
14,-10,0.03955484037017116
14,-8,0.02427745407495257
14,-6,-5.677487950437378e-09
14,-4,0.02167833461044908
14,-2,0.002398108183247439
14,0,-0.0005779891634863008
14,2,0.0014529089554688064
14,4,-0.012959067688380465
14,6,0.000592606554648468
14,8,0.014655079640577065
14,10,-0.02392888910425797
14,12,0.002278008077661718
14,14,0.030592491353034164
15,-15,0.007842324876016545
15,-13,0.0037938729991857933
15,-11,0.10260418480777889
15,-9,0.005056116369737362
15,-7,-0.024572803543388127
15,-5,0.09596854417866561
15,-3,0.0018421943038907929
15,-1,-0.07153745775138332
15,1,0.050474820880196745
15,3,-0.02069554598029091
15,5,0.06785469029352532
15,7,0.019004583522334577
15,9,-0.010135031137319946
15,11,0.07503926086408345
15,13,-0.0018424493423218882
15,15,0.007903654381693033
16,-16,0.03021482899034435
16,-14,-0.004688403809625789
16,-12,1.1602432793324658e-08
16,-10,0.03859043189326088
16,-8,-0.0260869265319578
16,-6,-6.2799268287195624e-09
16,-4,0.044033084057407246
16,-2,-0.04255413947641169
16,0,-0.01225677223710676
16,2,-0.025499540042597635
16,4,-0.02641953520154737
16,6,-0.018240856910747897
16,8,-0.015715743765471128
16,10,-0.023034238996203
16,12,-0.019461837916706824
16,14,-0.0027171678815368946
16,16,-0.018144880983329517
17,-17,0.06515739822993852
17,-15,-0.00019013164801464266
17,-13,-0.11760218454155291
17,-11,0.07746347225556509
17,-9,-0.00118390147624732
17,-7,-0.12746174575469793
17,-5,0.09002795659165382
17,-3,-0.0007173780790079535
17,-1,-0.1073296891700349
17,1,0.07786103687199357
17,3,-0.029421081195666787
17,5,0.06680130852275035
17,7,0.09097493938335399
17,9,-0.02157759353812824
17,11,0.05828702258826839
17,13,0.08620304406566265
17,15,-0.007189185540655976
17,17,0.04919577844921851
18,-18,-1.7588512967307936e-08
18,-16,0.006979065210183013
18,-14,-0.05317463515748093
18,-12,1.3610579654335397e-08
18,-10,0.016047464665733757
18,-8,-0.04967236739429092
18,-6,-6.5015633867682575e-09
18,-4,0.026245828549533647
18,-2,-0.03715767715975207
18,0,-0.010003945162525094
18,2,-0.022290456834899164
18,4,-0.015719091296319772
18,6,-0.013535365280132562
18,8,-0.029712138498928103
18,10,-0.009689863867982134
18,12,-0.012724554724196884
18,14,-0.032075541292597695
18,16,-0.004115257814814517
18,18,-0.012235166502968171
19,-19,-0.06569181541662224
19,-17,0.011869651151346567
19,-15,-0.007159791806334927
19,-13,-0.058724475369575486
19,-11,0.021669356723642518
19,-9,-0.004861737902878375
19,-7,-0.04360507040579542
19,-5,0.03346159210652809
19,-3,-0.0016452533899288379
19,-1,-0.04166025506584337
19,1,0.0310212429112694
19,3,-0.01059351331480299
19,5,0.02429215325967092
19,7,0.033818937110404464
19,9,-0.011510008125979744
19,11,0.015554411086399326
19,13,0.04445115140432229
19,15,-0.011235731507791167
19,17,0.008524063241116276
19,19,0.04957622848305436
20,-20,-0.03064480799541954
20,-18,-2.1939791086925465e-08
20,-16,-0.025813632577493625
20,-14,-0.02229717347790813
20,-12,1.337170334662055e-08
20,-10,-0.019021138003902063
20,-8,-0.010734176213573744
20,-6,-6.983046967716063e-09
20,-4,-0.009853007373669464
20,-2,-0.0010962575113790268
20,0,0.00022916962893915576
20,2,-0.000666843228533978
20,4,0.005882566225473926
20,6,-9.239793618532902e-05
20,8,-0.00649402634820259
20,10,0.011507585798694098
20,12,-0.0006341839031001746
20,14,-0.01322264825926428
20,16,0.015332011615860317
20,18,-0.000962180717020469
20,20,-0.018396041316230335
21,-21,-0.005019892769747521
21,-19,-0.002153839179156815
21,-17,-0.06227807222431067
21,-15,-0.004088608785477666
21,-13,0.010778430094743519
21,-11,-0.06010048206117683
21,-9,-0.002598549089933495
21,-7,0.021770598008919374
21,-5,-0.05511091549532096
21,-3,-0.0009280351870799158
21,-1,0.042678510918818656
21,1,-0.03028869364135139
21,3,0.012686590577140807
21,5,-0.03898585875783002
21,7,-0.016354452855987866
21,9,0.009288103301646944
21,11,-0.04325693785526099
21,13,-0.008338239912225747
21,15,0.0032481452796768047
21,17,-0.046379277956428835
21,19,0.0012553809027603814
21,21,-0.0038124486723630597
22,-22,-0.020801428851651625
22,-20,0.001812179250725347
22,-18,-2.042195926269209e-08
22,-16,-0.02450717329061237
22,-14,0.011780343652602547
22,-12,1.4828879876730241e-08
22,-10,-0.027241849344436252
22,-8,0.019880130991483697
22,-6,-7.2419582908968744e-09
22,-4,-0.02835043362538926
22,-2,0.02664932010605209
22,0,0.007668514112649577
22,2,0.015970367373527767
22,4,0.017000926746110673
22,6,0.011139289948596531
22,8,0.01195136591834956
22,10,0.016271140071655203
22,12,0.011604001619766494
22,14,0.006989331794334604
22,16,0.014863003472044856
22,18,0.01170421423919138
22,20,0.0011305773283150052
22,22,0.012477381130136262
23,-23,-0.04455152958316333
23,-21,-1.2146700489091027e-05
23,-19,0.06937172665858307
23,-17,-0.05045357512659205
23,-15,0.0004938909360866085
23,-13,0.07492498352365042
23,-11,-0.05629978028151909
23,-9,0.0005627397404854043
23,-7,0.0786617635773699
23,-5,-0.06177500761372243
23,-3,0.0002668348515638093
23,-1,0.0693093487416375
23,1,-0.050209147472430986
23,3,0.019400183280882707
23,5,-0.04544653380257823
23,7,-0.05616247118543233
23,9,0.01639245430252917
23,11,-0.04190293531691052
23,13,-0.05421885291596876
23,15,0.010814110480609455
23,17,-0.0376757739725436
23,19,-0.051641963367847966
23,21,0.0035538932162709133
23,23,-0.03371369897511413
24,-24,2.75448882341424e-08
24,-22,-0.0038026143177370647
24,-20,0.032231067138221416
24,-18,-2.349728235215215e-08
24,-16,-0.008551336815188458
24,-14,0.03219787816049887
24,-12,1.490648603982436e-08
24,-10,-0.013728927410806196
24,-8,0.02978528197943805
24,-6,-7.66153017330658e-09
24,-4,-0.019021565067696377
24,-2,0.024198845908733634
24,0,0.00661155195701011
24,2,0.014518702703034545
24,4,0.011393433371616567
24,6,0.009115203268922888
24,8,0.01781623721016496
24,10,0.008272181766499336
24,12,0.008774608077801529
24,14,0.019399202447208497
24,16,0.005034693901310076
24,18,0.008779820676548424
24,20,0.019219614454025563
24,22,0.0023191565136958356
24,24,0.008375829919995992
25,-25,0.04477418281776586
25,-23,-0.006457447132671178
25,-21,0.004740659092891645
25,-19,0.042393401813076846
25,-17,-0.011619886728979074
25,-15,0.003822572323543135
25,-13,0.037412133929945295
25,-11,-0.017708674763284877
25,-9,0.002484570922252635
25,-7,0.029474828824557472
25,-5,-0.02439991719366032
25,-3,0.0008389551354397921
25,-1,0.02870630156615768
25,1,-0.02120668940196714
25,3,0.007507514116222776
25,5,-0.017701149400357087
25,7,-0.02252771809903524
25,9,0.007509281506894346
25,11,-0.01278474593595455
25,13,-0.028207781437464198
25,15,0.007166606932893353
25,17,-0.008499834902704236
25,19,-0.03164751396653011
25,21,0.0057533721713609615
25,23,-0.004590268532112745
25,25,-0.033870328856857944
26,-26,0.02098208273096458
26,-24,3.286885883181141e-08
26,-22,0.018405131276332778
26,-20,0.017227994635895354
26,-18,-2.2820396583143167e-08
26,-16,0.015049732779902117
26,-14,0.01202145615475545
26,-12,1.607269928712176e-08
26,-10,0.010709595136249594
26,-8,0.0059209525935298435
26,-6,-7.936128359555648e-09
26,-4,0.0053529140691826165
26,-2,0.0006266425563262678
26,0,-0.00010412056656539506
26,2,0.0003876514469098373
26,4,-0.003195917997310759
26,6,1.0372968593353616e-05
26,8,0.0035829257772310398
26,10,-0.006474134925145288
26,12,0.00025884927717357116
26,14,0.007115909283245723
26,16,-0.008959684655728568
26,18,0.00028530072338889295
26,20,0.010492606736692743
26,22,-0.011140815110031918
26,24,0.0006112745518210306
26,26,0.012588532348759488
27,-27,0.0035725834942285546
27,-25,0.00135968898327335
27,-23,0.04285715141876366
27,-21,0.00314863441656825
27,-19,-0.005218460350459999
27,-17,0.04186741462754496
27,-15,0.0024407756799280918
27,-13,-0.012057926465697798
27,-11,0.0398192370926515
27,-9,0.0015372187155149857
27,-7,-0.017664907344989742
27,-5,0.03632404206717854
27,-3,0.0005367686168296389
27,-1,-0.029071016146010972
27,1,0.0207037920718549
27,3,-0.008694951045365273
27,5,0.025746068582448337
27,7,0.013122253481982525
27,9,-0.0072683886894874756
27,11,0.028501860890281033
27,13,0.009042163129433331
27,15,-0.004713200273598662
27,17,0.030649925841566564
27,19,0.0039375242103304306
27,21,-0.0011011383582146927
27,23,0.03193440842756352
27,25,-0.0007719607701179323
27,27,0.002163701768936256
28,-28,0.015426479791549147
28,-26,-0.0008737840341779038
28,-24,3.0861805997467954e-08
28,-22,0.017441319601025324
28,-20,-0.0061811660444409935
28,-18,-2.519501049659916e-08
28,-16,0.01902684923304428
28,-14,-0.011159589689439616
28,-12,1.6319343846492916e-08
28,-10,0.0199714013251509
28,-8,-0.01519402172786195
28,-6,-8.333208402109697e-09
28,-4,0.0200053384524892
28,-2,-0.01871274978494804
28,0,-0.005368673079860821
28,2,-0.011209125593127721
28,4,-0.011997303911401167
28,6,-0.007726420791500605
28,8,-0.00912960383331498
28,10,-0.011929351086064216
28,12,-0.007941719525122761
28,14,-0.006631096576190421
28,16,-0.011517125911325459
28,18,-0.00797558558674566
28,20,-0.003830341691724837
28,22,-0.010311808711535553
28,24,-0.008268617659065993
28,26,-0.0005005718696028338
28,28,-0.009259988555694522
29,-29,0.032907109378678724
29,-27,4.7708131453561637e-05
29,-25,-0.04685355478277469
29,-23,0.03627866273593252
29,-21,-0.00021251580068131818
29,-19,-0.05030724717370487
29,-17,0.03960554159940855
29,-15,-0.0003348313688718612
29,-13,-0.052809312558162506
29,-11,0.042723148000222456
29,-9,-0.00028765295668841436
29,-7,-0.05466804003614049
29,-5,0.045498055962248596
29,-3,-0.0001243352347516398
29,-1,-0.049462860400868336
29,1,0.03580577489081542
29,3,-0.013994510490104365
29,5,0.03332386356665836
29,7,0.03908446013065384
29,9,-0.012576950460098985
29,11,0.03156685295612272
29,13,0.03806047729741356
29,15,-0.009865681048666104
29,17,0.02935863764230142
29,19,0.036894334761514914
29,21,-0.006418716889838407
29,23,0.027369946421131188
29,25,0.034931277848251154
29,27,-0.001994368417648141
29,29,0.024927775688696852
30,-30,-3.8921214883763046e-08
30,-28,0.002350465189170395
30,-26,-0.022034024437527375
30,-24,3.492780094721197e-08
30,-22,0.005204044839764851
30,-20,-0.022533541926722155
30,-18,-2.499648617981263e-08
30,-16,0.008265011553647854
30,-14,-0.02198460129722414
30,-12,1.7318866620550463e-08
30,-10,0.011423043526318595
30,-8,-0.02039929254622398
30,-6,-8.759311121233484e-09
30,-4,0.01448693580681349
30,-2,-0.017380778057274206
30,0,-0.00478220797265847
30,2,-0.010423357128960623
30,4,-0.008683167988551902
30,6,-0.006663177174470892
30,8,-0.012208369119454521
30,10,-0.006870014912100801
30,12,-0.006476192234542807
30,14,-0.0132317766266708
30,16,-0.0048838636172919446
30,18,-0.0065234002474887426
30,20,-0.013450616170000896
30,22,-0.0032489392783920054
30,24,-0.006169457377496977
30,26,-0.013288659235255521
30,28,-0.0013962697094446266
30,30,-0.006203284162250396
31,-31,-0.03301889604260572
31,-29,0.003995812433796096
31,-27,-0.0034257288681613877
31,-25,-0.03195911041329679
31,-23,0.007094502218064123
31,-21,-0.0029723270132713175
31,-19,-0.029784354171945828
31,-17,0.01066355641879116
31,-15,-0.0023090397738083704
31,-13,-0.026458900369686556
31,-11,0.014635720470335383
31,-9,-0.0014624925016411415
31,-7,-0.021702418166683536
31,-5,0.01877333955297489
31,-3,-0.0004944223750885558
31,-1,-0.02132641202344536
31,1,0.015678099888089134
31,3,-0.00568925632789274
31,5,0.013612317163356728
31,7,0.0164245411617562
31,9,-0.005567622730287897
31,11,0.010576808527922655
31,13,0.019847002343906756
31,15,-0.005287225297673696
31,17,0.007822738085799207
31,19,0.02215394626996775
31,21,-0.004495693477760033
31,23,0.005010459343725637
31,25,0.024108403302066695
31,27,-0.0035890415750408043
31,29,0.0028839600810045786
31,31,0.02500783483885836
32,-32,-0.015517767431351566
32,-30,-4.513723944820011e-08
32,-28,-0.013939608427373023
32,-26,-0.013469696018358863
32,-24,3.3841523209570824e-08
32,-22,-0.012010088021513064
32,-20,-0.010701262861521479
32,-18,-2.6951698139269973e-08
32,-16,-0.00959569285343093
32,-14,-0.0073724820036230885
32,-12,1.7685918100200375e-08
32,-10,-0.006662375565293979
32,-8,-0.003689012405768858
32,-6,-1.0006232265970625e-08
32,-4,-0.0032558951131466222
32,-2,-0.0004150507972509013
32,0,5.535946166184311e-05
32,2,-0.0002545790886137528
32,4,0.0019377110148281957
32,6,-5.74947377909332e-06
32,8,-0.002238520185311194
32,10,0.004030155035251688
32,12,-0.00012804246669169923
32,14,-0.004356374298330282
32,16,0.005709563781523421
32,18,-0.00010429348242559632
32,20,-0.006508955407824681
32,22,0.0072856350404135435
32,24,-0.00041402966090112154
32,26,-0.007950325886989015
32,28,0.00830286829727338
32,30,-0.00036386529057551797
32,32,-0.009314033115698235
33,-33,-0.002711877334247886
33,-31,-0.0009400313052764742
33,-29,-0.031783469208687534
33,-27,-0.002481403282288641
33,-25,0.0028708261406199865
33,-23,-0.031248480414370398
33,-21,-0.002098120938742708
33,-19,0.0069904058340214065
33,-17,-0.030204672503802453
33,-15,-0.0015933447944795774
33,-13,0.011071046057218157
33,-11,-0.02852692339434872
33,-9,-0.0009911940899318809
33,-7,0.014393790806687618
33,-5,-0.026052369147077484
33,-3,-0.0003441674206716817
33,-1,0.02140193498237234
33,1,-0.015283813678194598
33,3,0.006404248700850293
33,5,-0.018497500365908668
33,7,-0.010623060373588839
33,9,0.005698847322009492
33,11,-0.020383715382556407
33,13,-0.008215161571767531
33,15,0.004442092750602308
33,17,-0.021932435918593406
33,19,-0.005143172003253387
33,21,0.0025139196012423596
33,23,-0.02292873449193795
33,25,-0.00239429759833971
33,27,0.0007331738803475725
33,29,-0.023899346734007232
33,31,0.0005805664648480193
33,33,-0.0013701293816277156
34,-34,-0.01202403467624765
34,-32,0.00047563750497693093
34,-30,-4.2738264458777846e-08
34,-28,-0.013262292494928723
34,-26,0.0036498715322163112
34,-24,3.713039897328981e-08
34,-22,-0.014275818521413935
34,-20,0.0067834832678420765
34,-18,-2.702296670397969e-08
34,-16,-0.014982594648558849
34,-14,0.009632075947946604
34,-12,1.8255120831050576e-08
34,-10,-0.01526390313263987
34,-8,0.011979003139450042
34,-6,-9.976747388514476e-09
34,-4,-0.015023103512020698
34,-2,0.014072241084818547
34,0,0.004033555981273244
34,2,0.008432930444113916
34,4,0.009003191403375122
34,6,0.005759672500944816
34,8,0.0071889369028032704
34,10,0.009124216611243215
34,12,0.005890182121846871
34,14,0.005734473879211164
34,16,0.009048678584823019
34,18,0.005879742987075766
34,20,0.00416351215987251
34,22,0.00848984277897015
34,24,0.00609689370341954
34,26,0.002054295033689494
34,28,0.008071300847507588
34,30,0.006032205104196764
34,32,0.00029250731871154355
34,34,0.007215960382178011
35,-35,-0.025581633805382933
35,-33,-5.0297827553684016e-05
35,-31,0.03429270670206744
35,-29,-0.027722633973946937
35,-27,9.505099407289157e-05
35,-25,0.036557388272873366
35,-23,-0.02983553626107735
35,-21,0.00018911729982545495
35,-19,0.038412843911201026
35,-17,-0.03184475095610299
35,-15,0.000209265923503445
35,-13,0.03973516441891318
35,-11,-0.03365040707047398
35,-9,0.0001629674647007344
35,-7,0.04081740090502849
35,-5,-0.03522813969516212
35,-3,6.308784987229675e-05
35,-1,0.03754572495391801
35,1,-0.027173327271436124
35,3,0.010695466634033727
35,5,-0.025727799580664155
35,7,-0.029215120088725333
35,9,0.009935405184111214
35,11,-0.024751573167416514
35,13,-0.028602375072058907
35,15,0.008435617288979153
35,17,-0.023474665115016596
35,19,-0.02798922650653511
35,21,0.006561057570921946
35,23,-0.022298963739010913
35,25,-0.02685619955530159
35,27,0.003862738408299467
35,29,-0.020714426634475255
35,31,-0.025766340128592455
35,33,0.0012885675387060438
35,35,-0.01939777086060973
