0.9972401499269152
0.3272035234966983
0.0949022363071355
0.054432919058302554
0.05136822613146502
0.041792691500982
0.04128570244839336
0.029127773966423035
0.025864380328412883
0.020573614387276742
0.01925970823101012
0.016079632816160355
0.015574448740875603
0.012892787523897487
0.012305102550577228
0.010678615171652856
0.010280587789658135
0.009057446589555231
0.0088313936392955
0.0077638512104497535
0.007534682119890596
0.006798696370642268
0.0066230217566513
0.005999848992659075
0.0058819552280567735
0.005340510614955933
0.005227824156547455
0.0048092277194143685
0.004713455480481429
0.004416507278348003
0.0044307019000468
0.0046217336616875635
0.004690447184853311
0.004899420118893393
0.004965922678384163
0.005174668560353015
