0.9972401499269152
0.36101920861092557
0.20295025779222337
0.3668750800399216
0.38378155118274987
0.2683058424047611
0.25729547802268377
0.21766945704786397
0.21869085978200054
0.25278218258821283
0.25553834322452323
0.24313576811764231
0.24194169605601612
0.22764144410605824
0.2277312341849898
0.24067869663144215
0.2414660232900039
0.23890182027020956
0.23855917879377517
0.23119633313487603
0.23120831898091956
0.23790367619365474
0.23827022209766704
0.23726611654887766
0.23705214249077333
0.23252092722805412
0.23252547409331595
0.23663869231936438
0.2368601677784561
0.2363245513952913
0.23616202850134696
0.23306601072047586
0.23306805471612288
0.23587264921081838
0.23602585892860248
0.2356865149639906
