1.0604012365464055
0.40445446682593866
0.24803913447987222
0.38059362704120975
0.40996013691025246
0.28586551691349826
0.2871576971397826
0.2267528347701149
0.2187771102937394
0.29534023698442174
0.29120166459665275
0.2956712103867997
0.3215975348844949
0.3082385341175889
0.3019792202228659
0.31078697127121857
0.3160289667132524
0.30723932280191474
0.308080758117227
0.3087435347873677
0.31262289983081165
0.32444973554572704
0.32352194952636804
0.3177818174439983
0.3224904318041759
0.317508280811498
0.3160725846645616
0.32091935035936553
0.3221646985517248
0.32162362581166537
0.32330622727581254
0.32308756204045813
0.3235523939433902
0.3262820751634003
0.32653192296144157
0.32270538570935936
