1.0604012365464055
0.3043331956361557
0.10790725300980816
0.1041403696618923
0.09925075954195811
0.08526353976375231
0.08705537653486907
0.07171214337755709
0.06907188558185896
0.060859176476882215
0.05877605449573674
0.05263054480667275
0.052215890966028015
0.04610679423228862
0.045070379819232974
0.04150074436377781
0.040751551673261464
0.037130235295595275
0.03670239919204629
0.03402708258339515
0.03365741509156599
0.031121523437855104
0.03060342598540504
0.028964432362618364
0.028810110676023654
0.0267062960048918
0.026359358121755952
0.025240024313321795
0.02505039339222442
0.023481935354732756
0.023237416224028123
0.022365137399858008
0.02229341724328395
0.02099551117457357
0.020736151962504393
0.020138623691898443
