0.7027706961310962
0.7027706849649685
0.20146379193387856
0.2014641553428849
0.08983507107287274
0.08983553440620504
0.07813838610195561
0.07813887600984393
0.04989808392586547
0.049898766031265945
0.0428520734976641
0.04285306095377507
0.03218312505672565
0.0321842646218775
0.02814013236841635
0.02814153969307495
0.02273853311980182
0.02274013988270506
0.0201851266990403
0.02018708693346783
0.017123621934497263
0.017125804934442695
0.015498118893042902
0.0155006400880656
0.013492571822957699
0.013495347373984973
0.012335454068695588
0.012338613839790692
0.010998694629809755
0.011002155495487937
0.010215078469321591
0.010218901804959631
0.009213252845450663
0.00921742021722621
0.008644487747875762
0.008648963677983993
