0.7027706961310962
0.7027706903458479
0.9080333825936124
0.90803344236814
0.3821063449634582
0.3821064454640208
0.5804068246646896
0.5804070209709447
0.48550654688234807
0.48550689175026274
0.5816814099634614
0.5816817401386071
0.5423766463674565
0.5423770380155699
0.5875272383055566
0.5875275791421439
0.5667135471079214
0.5667139450537877
0.5948336135710047
0.5948339846674394
0.581053276692322
0.5810536758198349
0.6001760180763177
0.6001763897448967
0.5904710719969883
0.5904714710316904
0.604634620484682
0.604635007761395
0.5971299280196237
0.597130330828157
0.6079366561341679
0.6079370359920698
0.6020775587849101
0.6020779604404675
0.6107150461108338
0.6107154416392068
