0.789047267225323
0.7890471413545354
0.3629528713587217
0.3628781850716402
0.22740694349973326
0.22759070719936675
0.20107954397092156
0.20100076400713107
0.15945644435659037
0.15931726825917225
0.1421614338259792
0.14219142022215636
0.12127858323709281
0.1213771209526745
0.11038509083784649
0.1103673980612758
0.09751478882006862
0.09743658328748064
0.08982374306213135
0.08983489681160389
0.08128243505003216
0.08134604880732774
0.07591508972535747
0.07590714104527975
0.0696881189171473
0.06963408940031016
0.06546710095929104
0.06547306372958092
0.06095084497054959
0.06099717046956123
0.05771593434691246
0.05771129581473896
0.05428027362727638
0.0542394668871664
0.051440513873140206
0.05144203602248976
