0.789047267225323
0.7890472042523555
0.9435437099888226
0.9437789158178085
0.49754274950067107
0.4974122873937235
0.6901460182449741
0.6899925786250664
0.6372120689452737
0.6375082139970972
0.7738717513730105
0.7742439260864733
0.7197476840070555
0.7201059367907497
0.7193467579620999
0.7196144980504622
0.7413695295173852
0.7417011044209966
0.8083310285259951
0.8086845908129769
0.766306258369393
0.7666638134246948
0.7573469721138925
0.7574387490701944
0.7790629199942053
0.7794041774238705
0.8239059489236918
0.8242604741919748
0.788932110685427
0.7892898397617887
0.7800423260612442
0.7800071623955743
0.7969708539350555
0.7973165298632926
0.8319801168281904
0.8323371691820901
