0,0,0.15915494824277174,0.1588553603736811
1,-1,2.036085933711458,2.0381507812911672
1,1,-1.399466182193966,-1.4016326567409034
2,-2,0.741746774458056,0.7428619474670332
2,0,0.09188816294025035,0.09206226466384483
2,2,0.33464873105690285,0.3345191838325426
3,-3,0.18584091424770405,0.18614875313458426
3,-1,0.018490278768697882,0.021410611228845494
3,1,-0.0739611232689477,-0.07601080411484519
3,3,0.30010542200996276,0.3000697568846135
4,-4,-1.1948271538830824e-09,-8.532024277723595e-09
4,-2,-1.2493338577387566e-07,0.0014384556415080524
4,0,-2.0423164791283366e-09,0.00040103596027781316
4,2,-2.5142928017363175e-10,0.0008399421219430186
4,4,-0.035631194484258055,-0.036264816568586974
5,-5,-0.13312747511712925,-0.1334017253460234
5,-3,-0.039917610525455505,-0.039541588609709986
5,-1,-8.724644387049632e-08,0.0035793384013517544
5,1,1.467252049786979e-07,-0.0026226178646525052
5,3,-0.023950626479982865,-0.02301161844580976
5,5,0.12535121324538986,0.12509377972495084
6,-6,-0.11418210349366978,-0.11446933489719846
6,-4,-4.240050227588554e-09,2.7505113029304766e-09
6,-2,-2.8124706136009593e-07,0.00170404762895689
6,0,-2.9849826704630724e-08,0.0004036634192945021
6,2,-5.47411956042243e-10,0.00069207662662466
6,4,0.008431918307505079,0.00863048349088784
6,6,-0.032673344131904744,-0.03326419880786432
7,-7,-0.04776041264987854,-0.04788735235732563
7,-5,0.057885582844941046,0.05756976472813658
7,-3,0.018436768029336886,0.01887189712369519
7,-1,-2.3651382792596642e-07,0.004137925647098119
7,1,3.5461054345095783e-07,-0.0030156739445021067
7,3,0.011061992796389737,0.011732895225772899
7,5,-0.0434830129333589,-0.04285952485396949
7,7,-0.07241432454480459,-0.07310735142804103
8,-8,5.141803233188469e-09,1.4891597823910184e-08
8,-6,0.04315708475844083,0.042832923199936764
8,-4,-8.895618561211016e-09,-1.3712817094016405e-09
8,-2,-4.454179760643692e-07,0.0019346231673413104
8,0,-6.791043622563312e-08,0.00048776077804642476
8,2,-1.0475431685280645e-09,0.0009106374796015832
8,4,-0.003186877268197316,-0.0034434196946387468
8,6,0.012349365415915652,0.012568596179184271
8,8,0.011287252130667603,0.010853367780089903
9,-9,0.03777482615896308,0.03789192996704222
9,-7,0.02361585757955562,0.02347481083826966
9,-5,-0.031741698263306445,-0.0320960424400722
9,-3,-0.010307279821095482,-0.00981988601550704
9,-1,-6.574177405106803e-07,0.0046332504424371115
9,1,5.951724673076874e-07,-0.0033820444984137433
9,3,-0.006184556151241389,-0.005222386450013313
9,5,0.02184045516833488,0.022014049034749687
9,7,0.02814758593694242,0.02823221030107489
9,9,-0.040575095030438955,-0.0411553090760925
10,-10,0.03995176027981379,0.04009297076432562
10,-8,1.7438087251964163e-08,-7.943948006398412e-09
10,-6,-0.02044730796375521,-0.020807575947885192
10,-4,-1.5506942896426068e-08,7.577702675463401e-10
10,-2,-7.429744583673767e-07,0.0021424459626555184
10,0,-1.0830636501859591e-07,0.0005244826790407518
10,2,-1.6536838270270193e-09,0.0009420497479565823
10,4,0.0015100868760417466,0.001501596820109921
10,6,-0.005851183996514048,-0.006159009446849006
10,8,-0.005348025176785818,-0.004991226345797887
10,10,0.008116632022953391,0.007713234051591873
11,-11,0.019530476950387492,0.01960237876587598
11,-9,-0.02251269053829849,-0.022385428231984732
11,-7,-0.013897226683302708,-0.014052967923142746
11,-5,0.019693561441207305,0.01930460124154206
11,-3,0.00645067386050662,0.006985877040015829
11,-1,-1.0230460013325387e-06,0.00508474836005931
11,1,9.372196621920354e-07,-0.003709212506371594
11,3,0.003870104789942673,0.004801957705564971
11,5,-0.01296481417700508,-0.012448915040575355
11,7,-0.014080173407659867,-0.01455366336009226
11,9,0.02086514321785286,0.02103707934951104
11,11,0.028885473324229576,0.02857929495326907
12,-12,-8.17718094625608e-10,-1.9919453005995044e-08
12,-10,-0.021716140974666485,-0.02156422066561707
12,-8,2.286872808308915e-09,4.957685858020744e-09
12,-6,0.01111549449846641,0.010723363100867555
12,-4,3.2273575088434536e-09,-5.269883455928288e-10
12,-2,-1.1152006650173346e-06,0.0023336688506508845
12,0,-1.563577493499662e-07,0.0005808393197252676
12,2,-2.556962004109098e-09,0.0010665670753110658
12,4,-0.0008205618352662817,-0.0010044251393078213
12,6,0.0031804741395147287,0.0032071417637302897
12,8,0.002906764230262458,0.0027191904051443393
12,10,-0.004411858831013405,-0.004065028911975666
12,12,-0.005027015000339682,-0.005449643297886075
13,-13,-0.01632250009616188,-0.016390048115995436
13,-11,-0.012200160119995614,-0.012123544085182281
13,-9,0.014775089516687524,0.014913818681740581
13,-7,0.009053966846350073,0.008885326277492318
13,-5,-0.013226908941262754,-0.013648430980268642
13,-3,-0.004356796871150345,-0.0037770903682384405
13,-1,-1.4912672549454809e-06,0.0055039857692764805
13,1,1.3557146575367086e-06,-0.004016300051133466
13,3,-0.0026145204934407114,-0.0015247596851723551
13,5,0.008487034567307372,0.008828832014462244
13,7,0.00818922250152678,0.008066052041475095
13,9,-0.012396536460842171,-0.012789690178243834
13,11,-0.015561137095432344,-0.015127380582877993
13,13,0.018755968132143586,0.018444180137254313
14,-14,-0.019061637586276423,-0.019148626842377472
14,-12,-2.7204577965345145e-09,1.2758456089634906e-08
14,-10,0.012959214191552293,0.013124072494631687
14,-8,3.378179198182396e-09,-3.2203046480028257e-09
14,-6,-0.006631400725319082,-0.007054381795928218
14,-4,-2.3698764305135622e-09,3.1658136045299555e-10
14,-2,-1.5703709478026404e-06,0.002512608045683472
14,0,-2.1811210719996527e-07,0.0006190424519004568
14,2,-4.282695303860912e-09,0.0011215163267604513
14,4,0.0004901010102915346,0.00041078521395132334
14,6,-0.0018979688730421333,-0.002121110109079254
14,8,-0.001734972132958728,-0.0015254262441758853
14,10,0.0026328307219472737,0.0024262271034217846
14,12,0.0029999624034667246,0.00328699327979555
14,14,-0.00296276740644027,-0.0033570558395339687
15,-15,-0.010050498428515547,-0.010097840122713036
15,-13,0.011163368823783496,0.01109230741523607
15,-11,0.008262489507652354,0.008345631688165342
15,-9,-0.01034632909206583,-0.01019774745350553
15,-7,-0.0063057698725198065,-0.006487147536827966
15,-5,0.00940067420336678,0.008948541985302023
15,-3,0.003102074736149636,0.003723784121153371
15,-1,-2.029589671559277e-06,0.005898606729796025
15,1,1.8504107887254126e-06,-0.004303519391580537
15,3,0.0018606465112794013,0.002972959630653489
15,5,-0.005935667860865612,-0.0054157773513298126
15,7,-0.0052563523460585895,-0.005669256507922335
15,9,0.008096343906262283,0.00810081355879417
15,11,0.009362762169726075,0.009248729504904001
15,13,-0.011488706364757987,-0.011096352900999772
15,15,-0.01465345117508808,-0.015095078160869689
16,-16,8.941742339618752e-09,2.4159307472194187e-08
16,-14,0.012175709599882813,0.012084583940099652
16,-12,-5.066684691593104e-09,-8.976377476602574e-09
16,-10,-0.008277945279590072,-0.008102769623509507
16,-8,5.072751899093397e-09,2.378379625783913e-09
16,-6,0.004238562174142083,0.0037869208912976707
16,-4,-2.5818463460919316e-09,-2.784367701177409e-10
16,-2,-2.115214807286833e-06,0.0026819206170824415
16,0,-3.015535783852201e-07,0.0006652186272585753
16,2,6.170093949653399e-11,0.0012159928720453254
16,4,-0.00031245296155834164,-0.00048230881921062623
16,6,0.0012123278540449884,0.0011574558699723855
16,8,0.0011077242886535451,0.0010270373237227202
16,10,-0.0016817189093296103,-0.0014643280260489846
16,12,-0.0019161920784389046,-0.0021841468400163625
16,14,0.001892465006244376,0.0021802007946116943
16,16,0.002706426356650795,0.002357255699634825
17,-17,0.008697713362765154,0.008742818706342161
17,-15,0.007046437392771333,0.006997310344203842
17,-13,-0.008057201624626361,-0.008133772777125493
17,-11,-0.005923326420096224,-0.005835148331810447
17,-9,0.007588801708838922,0.007747435345091316
17,-7,0.004614326912574549,0.004421007517248728
17,-5,-0.006961577758740519,-0.007443028816157145
17,-3,-0.002307242383352709,-0.0016454706781306924
17,-1,-2.6578177971233948e-06,0.0062739616870884736
17,1,2.426361534001998e-06,-0.004577836302664507
17,3,-0.0013851415327550333,-0.0001608762879010348
17,5,0.004346654891174995,0.0047872393356654525
17,7,0.0036217310724587647,0.003391501308360604
17,9,-0.005644554692173799,-0.005963288726887696
17,11,-0.006102246964882441,-0.005776901855501922
17,13,0.007605874181578994,0.007451055799928491
17,15,0.009216773804025571,0.009438782419675896
17,17,-0.010402369511550635,-0.01080985924442543
18,-18,0.010761842636875523,0.010822169036061677
18,-16,5.257877168374225e-09,-1.7044192247532897e-08
18,-14,-0.008191037816794684,-0.008289018574492837
18,-12,-7.730538664069142e-09,6.366450440678324e-09
18,-10,0.005568649064133701,0.005755078396741193
18,-8,6.962284626425841e-09,-1.6518479001095617e-09
18,-6,-0.0028477321833618122,-0.0033273366893862306
18,-4,-3.921116977986805e-09,1.5517841248802613e-10
18,-2,-2.7316318486649147e-06,0.002843721193504816
18,0,-3.920197833219964e-07,0.0007020650851813271
18,2,-5.171436889828129e-10,0.0012754340725507475
18,4,0.0002110181246107977,9.429114047809976e-05
18,6,-0.000815599453531067,-0.0010120120949783755
18,8,-0.0007459211470583263,-0.0005990886969957609
18,10,0.0011313842866264405,0.0010231782579197385
18,12,0.0012891874932802955,0.0014565245423245068
18,14,-0.0012731655976580027,-0.0015353335840736777
18,16,-0.0018207967274581035,-0.001511580343510034
18,18,0.0013462061922223136,0.0010092533814032695
19,-19,0.005931660159605206,0.005965793523335591
19,-17,-0.006436522784974408,-0.006390075480389732
19,-15,-0.005179006123713788,-0.00523195019238743
19,-13,0.006053472486339726,0.005972994007282507
19,-11,0.004425518554008428,0.004519354907625496
19,-9,-0.0057716299744705974,-0.005603694890925455
19,-7,-0.003494549712133318,-0.003699634558866734
19,-5,0.0053343368603697315,0.004824696361307916
19,-3,0.0017634079038761198,0.0024637646372899944
19,-1,-3.410490251260139e-06,0.006634007348162386
19,1,3.0986725166038073e-06,-0.004840235853991671
19,3,0.001057021980020022,0.002321371037104285
19,5,-0.0033064445745080977,-0.002754053391439161
19,7,-0.0026199579375512858,-0.003025039106497333
19,9,0.0041356575735683725,0.004049532429125001
19,11,0.004222717245578158,0.004215325788487301
19,13,-0.005336380793463962,-0.005043162160851277
19,15,-0.006174957103981882,-0.00650201185751837
19,17,0.007049500959318358,0.007280597741785386
19,19,0.00856779366579964,0.008280954992797969
20,-20,-2.690820465750532e-09,-2.7878158300066448e-08
20,-18,-0.00754290873798342,-0.007480889072859242
20,-16,9.405357253439162e-09,1.2905757527717873e-08
20,-14,0.005741291336631794,0.005638824586116411
20,-12,-1.1067518086022021e-08,-4.973548644581409e-09
20,-10,-0.003903483513601879,-0.0037072230583736414
20,-8,9.266382812976592e-09,1.3771952136736618e-09
20,-6,0.0020008856572733586,0.0014946076121451206
20,-4,-5.043982954401616e-09,-1.7757330223652562e-10
20,-2,-3.4201465349278747e-06,0.0029994541829395697
20,0,-4.934129897992776e-07,0.0007430161293316571
20,2,-5.312120084088878e-10,0.0013558877223818202
20,4,-0.0001468459155984663,-0.00031892560672389835
20,6,0.0005716336419475387,0.00047172536059531754
20,8,0.0005218691933051448,0.000495045698309862
20,10,-0.000792964356596015,-0.0006393356517443448
20,12,-0.0009034700537108104,-0.0010879989495891041
20,14,0.0008923351145171858,0.0010751308350983038
20,16,0.0012761034398389645,0.0010441510482727587
20,18,-0.0009435269783371735,-0.0006499120815900041
20,20,-0.0016417794789696807,-0.0019800047291871022
21,-21,-0.005256997063128072,-0.005289816918799435
21,-19,-0.004458048525968331,-0.004423186856892155
21,-17,0.004930359979808715,0.004980321512851364
21,-15,0.003946936961564734,0.003891708351672503
21,-13,-0.0046903513867585945,-0.004775535693265504
21,-11,-0.0034183435908957055,-0.0033195061228604755
21,-9,0.004508516874486463,0.0046858108143649725
21,-7,0.002733326528191934,0.002516875332076111
21,-5,-0.004185124441530922,-0.004722147187536086
21,-3,-0.0013939060110907233,-0.0006562142673725822
21,-1,-4.207545423222451e-06,0.006981765264237557
21,1,3.8319136928112846e-06,-0.005094178278166579
21,3,-0.0008376191559096656,0.0005174436522511668
21,5,0.0025774687962556156,0.003092114348546141
21,7,0.001979458893064936,0.0016795744394176965
21,9,-0.0031372057836019686,-0.003428012679781921
21,11,-0.00306195671278049,-0.002787714379880063
21,13,0.003914038550946856,0.003852558813236292
21,15,0.004348141085036537,0.004464404377040016
21,17,-0.005015212048601531,-0.005322560382880329
21,19,-0.0059076367628357156,-0.005572679849611552
21,21,0.006454158583020462,0.006171709181464338
22,-22,-0.006755454201600009,-0.006800428485924092
22,-20,-8.665458069850862e-09,2.0880040781910836e-08
22,-18,0.00546468230760847,0.005531201176714319
22,-16,-1.8409829494192564e-09,-9.676968147826366e-09
22,-14,-0.00415914562429375,-0.004267607929001616
22,-12,1.890733451748172e-09,3.6836684518711598e-09
22,-10,0.002827444375524824,0.003034026822201061
22,-8,-1.419689969316823e-09,-9.594034616703778e-10
22,-6,-0.0014433853889329077,-0.0019758599371714853
22,-4,4.4661799952772085e-10,7.871971026626669e-11
22,-2,-4.202275946173422e-06,0.0031503541884328632
22,0,-6.053066637589141e-07,0.0007784359284129407
22,2,-8.676085579140125e-10,0.0014157974416653136
22,4,0.00010770890181575858,-3.4591998393058854e-05
22,6,-0.0004141697709208591,-0.0006042982969461787
22,8,-0.00037931075491341243,-0.00026196135152783354
22,10,0.0005745291813516107,0.000520135200281184
22,12,0.0006547130705528466,0.0007542542998100453
22,14,-0.0006465269307393499,-0.0008312300754827324
22,16,-0.0009246555501704485,-0.0007057876188259193
22,18,0.0006836151563355264,0.0004472310804716257
22,20,0.0011895566467679983,0.0014562069616091049
22,22,-0.000704813747670726,-0.0010261485751332509
23,-23,-0.0038330897710742978,-0.0038591910193486625
23,-21,0.0040957259157167955,0.004062401483462368
23,-19,0.0034558514704765334,0.003493387138779251
23,-17,-0.003881911824995145,-0.003830074799697574
23,-15,-0.00309356111609278,-0.0031519875741234924
23,-13,0.0037265010920268862,0.003637355018342008
23,-11,0.0027041727784694264,0.002808284578444799
23,-9,-0.0036100572506587722,-0.003423839322833432
23,-7,-0.002175067313344134,-0.0024027245516663647
23,-5,0.0033679870535636837,0.0028043015509376236
23,-3,0.0011115472864942854,0.0018856079248583781
23,-1,-5.080754104810903e-06,0.0073196244589663825
23,1,4.625733046326525e-06,-0.005340538272542264
23,3,0.0006653830075793195,0.0020676523070721976
23,5,-0.0020677567209393655,-0.0014737450972229765
23,7,-0.0015307520280458215,-0.0019480165748183597
23,9,0.00245833083227066,0.0023150961493130745
23,11,0.0023021991642488476,0.002359889454370707
23,13,-0.0029746031586918163,-0.002734744558100677
23,15,-0.003185384497347465,-0.0034454478849245923
23,17,0.0037108105999427202,0.0038492758129024624
23,19,0.004244057342337594,0.004056217122272221
23,21,-0.004673197808320253,-0.004355936982523248
23,23,-0.005500354298451332,-0.005848650433013573
24,-24,4.3025106671867874e-09,3.1224823833817106e-08
24,-22,0.005030965095646599,0.004985400993932017
24,-20,2.019915346096468e-09,-1.6620182320420376e-08
24,-18,-0.00407004413668709,-0.0040013290641197526
24,-16,-2.5588319050445785e-09,7.883113972801296e-09
24,-14,0.003098060404783856,0.0029850201591465836
24,-12,-1.7477044028570837e-09,-3.1227159611584958e-09
24,-10,-0.002106514010878205,-0.001890478946476339
24,-8,1.2114109290348174e-09,9.007133744532622e-10
24,-6,0.0010826653115002729,0.0005247861532394791
24,-4,-5.10971766200935e-10,-1.2898402420760083e-10
24,-2,-5.086505107110353e-06,0.003297320363722227
24,0,-6.658155546198009e-07,0.0008163190318874289
24,2,-1.7999205945140595e-10,0.0014884923967542997
24,4,-7.859634882845823e-05,-0.00025873247045841833
24,6,0.00030842705851917736,0.0001784239024294849
24,8,0.0002809635066410289,0.00028553415406933156
24,10,-0.00042784277477758074,-0.00030804494356647955
24,12,-0.00048739781012076706,-0.0006251332752516467
24,14,0.00048145814635956394,0.0006009369300811953
24,16,0.0006884527696955411,0.0005305458738679232
24,18,-0.0005090788983305901,-0.00029627186910228967
24,20,-0.0008857863898860613,-0.0011379183192010021
24,22,0.0005248660793953849,0.0007906360507812296
24,24,0.0010805518246537098,0.0007817125031619361
25,-25,0.0034560563853691184,0.003481352677607364
25,-23,0.0030182566726140283,0.002991929937887029
25,-21,-0.0032682714150317174,-0.003304155683305081
25,-19,-0.0027477176651184636,-0.002709007821469943
25,-17,0.003123491131077825,0.0031782659035803126
25,-15,0.0024823964077519906,0.0024215120601332476
25,-13,-0.0030195534706466106,-0.0031130326202955965
25,-11,-0.002190465324801514,-0.002081437377895908
25,-9,0.0029360196576446607,0.003131184939936494
25,-7,0.001780065754497894,0.0015414334871943739
25,-5,-0.0027428372655762556,-0.0033326416161982386
25,-3,-0.0009191282101071084,-0.00010943637026024704
25,-1,-4.668733748624877e-06,0.007649519616807875
25,1,5.725897760367874e-06,-0.005581350370693202
25,3,-0.0005531168881356628,0.000928215404123319
25,5,0.0016753961542491514,0.002252951632934436
25,7,0.001227381818599975,0.0008743552656179171
25,9,-0.0019621287117969404,-0.0022453447359198964
25,11,-0.001784778920336805,-0.0015341258231715293
25,13,0.0023239939297870025,0.0023215153549365083
25,15,0.002412052036624519,0.0024602221232362994
25,17,-0.0028320680794234995,-0.003076783769754062
25,19,-0.0031549284164254713,-0.0028919922717574034
25,21,0.0034983360716809245,0.0033027670653930897
25,23,0.004031805655788026,0.004258998324917489
25,25,-0.004321788645111353,-0.004653136711998841
26,-26,0.004561270846796704,0.004596491427816617
26,-24,-1.7438361171739913e-09,-2.435297323540374e-08
26,-22,-0.0038336832893763914,-0.0038826413993071143
26,-20,3.069527691485635e-09,1.2947223646984693e-08
26,-18,0.003101042983398141,0.003173686204597229
26,-16,1.7951952055970943e-09,-6.0813639156560104e-09
26,-14,-0.002360044601804366,-0.002478601457409979
26,-12,-1.5703999298871674e-09,2.3309105213931335e-09
26,-10,0.0016042052128936988,0.0018300172967147576
26,-8,1.0251558840105451e-09,-6.027891277309749e-10
26,-6,-0.0008164017881197325,-0.0013986911970015293
26,-4,-3.6447856842022897e-10,1.3218333766155598e-10
26,-2,-5.153157927881276e-06,0.0034411473022409626
26,0,9.482949375601877e-07,0.0008506455557315419
26,2,-6.919597689974966e-09,0.0015479994558079443
26,4,6.166440512972152e-05,-0.00010082668442491221
26,6,-0.00023505129612843775,-0.0004275395617403632
26,8,-0.0002157707322192868,-0.00011313895248054703
26,10,0.00032605938788765306,0.0003042386067328574
26,12,0.000371654965637691,0.00042996035082011255
26,14,-0.00036691994458085337,-0.0005049907834999093
26,16,-0.000524846819055541,-0.0003625606596316922
26,18,0.0003879698867456677,0.00021830741735771886
26,20,0.0006751749557836812,0.0008679663938772587
26,22,-0.00040000710680241974,-0.0006438335852204059
26,24,-0.0008235337990716296,-0.0005511497484639241
26,26,0.0004074558222463673,0.00011576106321461047
27,-27,0.002641462514582212,0.002662296977389554
27,-25,-0.002792269395285881,-0.002766918697537118
27,-23,-0.0024289824020122296,-0.002457434655552363
27,-21,0.0026612359906514303,0.002624401237436242
27,-19,0.002228528198551148,0.0022694997007276668
27,-17,-0.0025612728362392053,-0.0025044001176734703
27,-15,-0.0020279881600349416,-0.0020918109399259118
27,-13,0.00249055206711392,0.002393148804286453
27,-11,0.0017977536174657541,0.0019118544961433683
27,-9,-0.002438699384940529,-0.002233528627874981
27,-7,-0.0014632747128554403,-0.0017104733301765095
27,-5,0.0022835695319116016,0.0016721835972834684
27,-3,0.0007571138882183248,0.0015957731028533372
27,-1,-1.8938611970223615e-05,0.007973128246212938
27,1,9.485280412584022e-07,-0.005817377284821474
27,3,0.0004525846477896054,0.001980695835960063
27,5,-0.0013938777367054356,-0.000758249039131576
27,7,-0.0009876290691880618,-0.001425220441774309
27,9,0.0016072937689718134,0.0014236000413433072
27,11,0.0014157166793688817,0.0015175991275816975
27,13,-0.001860201130639809,-0.0016493543970886818
27,15,-0.0018746890734983382,-0.0020956632879281607
27,17,0.002221230256165711,0.0022975260254250577
27,19,0.0024115309094792244,0.0022920558623096025
27,21,-0.0026938024944688395,-0.002442104154664879
27,23,-0.0030417141459047605,-0.0033201295788053563
27,25,0.0032794041318868726,0.0035061571610549417
27,27,0.0037721286970938796,0.0035115987959812977
28,-28,-6.252173964963956e-09,-3.4290792895986e-08
28,-26,-0.00354566602505093,-0.003510395336704334
28,-24,-3.0138540133613917e-09,2.0104111448618485e-08
28,-22,0.002980527090644041,0.0029304583999227216
28,-20,-2.1651259175282933e-09,-1.0889064767796687e-08
28,-18,-0.0024113809960558718,-0.00233628910547628
28,-16,2.114141636928857e-09,5.265369880592354e-09
28,-14,0.0018356688486741277,0.0017125063042627453
28,-12,-1.9174439256416237e-09,-2.135687215338185e-09
28,-10,-0.0012482249597705432,-0.001013345198179186
28,-8,2.3791886056764855e-09,7.244113269506472e-10
28,-6,0.0006378865299625811,3.757569546000462e-05
28,-4,-1.2915756028488573e-08,-2.5341173782225627e-10
28,-2,-1.5787955526202397e-06,0.0035823718534452056
28,0,-1.1776567380996858e-06,0.0008866184326902058
28,2,2.3504879162385833e-08,0.001616017730396271
28,4,-4.573882790309995e-05,-0.00023645320643749806
28,6,0.00018270412205643625,2.9750165064939505e-05
28,8,0.0001645322685976053,0.00019081169827436784
28,10,-0.0002534401675699378,-0.00015260147358416704
28,12,-0.00028877268250890163,-0.0003987041573490376
28,14,0.00028520079390601037,0.00036450406514810553
28,16,0.0004077324939121939,0.00029772577410518266
28,18,-0.00030156234453445675,-0.00014211064796515303
28,20,-0.0005246377856405761,-0.0007176423438474537
28,22,0.0003109187510122943,0.0005100406561770189
28,24,0.0006400259552035225,0.0004122109785056504
28,26,-0.0003166987692456817,-5.669865595930919e-05
28,28,-0.000754391803442762,-0.0010446854734812393
29,-29,-0.0024127665288564346,-0.0024330468429069074
29,-27,-0.002150802808990914,-0.002130014422314567
29,-25,0.0022957134551710545,0.002323163817789763
29,-23,0.0019921981878061254,0.0019631241034303664
29,-21,-0.0022015341897732264,-0.0022405367625624407
29,-19,-0.0018405655840343376,-0.001798177916735045
29,-17,0.002130520738625804,0.0021900738859313563
29,-15,0.0016857269144243234,0.0016194013979796663
29,-13,-0.002081113113964139,-0.0021826639926990346
29,-11,-0.0015045433831427102,-0.001387549800336125
29,-9,0.0020414627206769608,0.002249684599437642
29,-7,0.0012308711457068187,0.0009781872520315256
29,-5,-0.0019170058731083793,-0.0025505121893955344
29,-3,-0.0006380537889809312,0.00023360880926602594
29,-1,-8.418302611584078e-07,0.008291789140703719
29,1,2.649054979517861e-06,-0.006049943992075079
29,3,-0.00038298607001287634,0.00121489502321663
29,5,0.0011665754149510809,0.0017945089265075293
29,7,0.0008211521256905704,0.00042969358327257264
29,9,-0.0013287320713700887,-0.001611907102709349
29,11,-0.0011483879659640991,-0.0009072662124517136
29,13,0.001515508389736232,0.001553338051744005
29,15,0.001492560974852836,0.0014943751607821413
29,17,-0.0017771104371099161,-0.0019828409940434487
29,19,-0.0018897171454669904,-0.0016739227287763184
29,21,0.00212218627023547,0.0019885883171799645
29,23,0.0023531488999813306,0.00251372405717768
29,25,-0.0025492577034105803,-0.002817452467582119
29,27,-0.002888674656920783,-0.0026037725358759333
29,29,0.0030583726336993466,0.0028026514172615033
30,-30,-0.003248050163453675,-0.0032766314179210913
30,-28,2.5440901781081937e-09,2.7532424780233008e-08
30,-26,0.002802791842116168,0.00284084253792642
30,-24,2.1713432713085443e-09,-1.610028206752076e-08
30,-22,-0.0023555541844799666,-0.002408576299901496
30,-20,-2.4978658698729395e-09,8.644600355019115e-09
30,-18,0.0019052411333546303,0.00198395044949435
30,-16,2.5364721723810865e-09,-4.087881907205208e-09
30,-14,-0.0014498120129533137,-0.0015782246289993379
30,-12,-4.45219394901511e-09,1.5422862252322416e-09
30,-10,0.0009854358652484102,0.0012297229052052573
30,-8,-1.0976103003920712e-09,-1.0752924498259152e-09
30,-6,-0.0005049679296438639,-0.0011291601662020234
30,-4,-9.093322564134993e-09,4.612171897634331e-10
30,-2,-4.1061416298876946e-07,0.0037219018571791143
30,0,-1.4282723259859053e-08,0.0009202472701733552
30,2,2.104936467100326e-08,0.0016751941228748102
30,4,3.728942865218661e-05,-0.00014154187469782702
30,6,-0.00014444164034016493,-0.00034345662098766484
30,8,-0.00013290674268721855,-3.770687624947463e-05
30,10,0.00020037202624231072,0.00020003479994045914
30,12,0.00022812973132907687,0.0002599023753860376
30,14,-0.0002254888722474646,-0.0003342380368321785
30,16,-0.0003226510436013081,-0.0001968757535704501
30,18,0.00023842501275186338,0.00011358044839583142
30,20,0.0004150139726884357,0.0005565338696832188
30,22,-0.0002458224174238287,-0.00043456693054191864
30,24,-0.0005061722782176918,-0.00029363409238062873
30,26,0.0002504007846912265,2.187786639435867e-05
30,28,0.0005965018422037797,0.0008398323440785111
30,30,-0.00025341093831745144,-0.0005325378333457169
31,-31,-0.0019095910892037748,-0.0019267669199770313
31,-29,0.0020028870782554348,0.001982765931795417
31,-27,0.001779518368408675,0.001802125476159945
31,-25,-0.0019174166570633075,-0.001889486952858202
31,-23,-0.0016576697460848875,-0.0016885453175276386
31,-21,0.0018491671220268193,0.0018089426197820896
31,-19,0.0015397684365932496,0.0015842054524905457
31,-17,-0.0017983904436489743,-0.001736639567827022
31,-15,-0.0014173101955530598,-0.0014862695501382487
31,-13,0.0017628022337383917,0.0016583325527260934
31,-11,0.0012708063750237835,0.0013912780694421741
31,-9,-0.0017339770487867097,-0.0015176995589179828
31,-7,-0.001044250479907291,-0.0013062863253817385
31,-5,0.001630507365592405,0.0009734722753534416
31,-3,0.0005420593355664016,0.0014463156950610487
31,-1,-1.5945104370217124e-06,0.008604450823811768
31,1,1.0743108159297385e-06,-0.006278035937605881
31,3,0.0003249033329616932,0.0019740991033342275
31,5,-0.000990526374981652,-0.00031334446882450576
31,7,-0.000687580802565243,-0.0011433424488527266
31,9,0.0011190145460283874,0.0009064504331992205
31,11,0.0009454479422462412,0.0010795811937473843
31,13,-0.001257193858164517,-0.0010625011901353623
31,15,-0.001208707901063481,-0.0014067193542016618
31,17,0.0014527632677953375,0.0014855331305879717
31,19,0.001509241004564991,0.0014378570073209738
31,21,-0.001707579880613368,-0.0015006602359091095
31,23,-0.0018579116804856278,-0.0020867264774785286
31,25,0.0020248015391614504,0.0021911910281194793
31,27,0.002259633967960834,0.002061845364109738
31,29,-0.0024032894996551027,-0.002128827202253352
31,31,-0.002716890900530571,-0.003013818693935199
32,-32,8.5686720600886e-09,3.71365072553277e-08
32,-30,0.0026068161898847183,0.0025784706857163824
32,-28,-2.1176641221837267e-09,-2.3373300508637084e-08
32,-26,-0.0022500091301735493,-0.0022114290732290916
32,-24,3.6555715185590185e-09,1.3885397621252759e-08
32,-22,0.0018915365892963494,0.0018371128511574229
32,-20,-3.1313891800735516e-09,-7.628046323562523e-09
32,-18,-0.001530498862008179,-0.001449192947684309
32,-16,2.5981202614669408e-09,3.780672390341121e-09
32,-14,0.0011646314129553901,0.0010322404104196035
32,-12,1.3332334250493183e-08,-2.238129857133142e-09
32,-10,-0.0007916189886847035,-0.0005391669681077606
32,-8,3.513893085540869e-08,-2.7535306031518086e-10
32,-6,0.0004047869904908527,-0.00024256273953783184
32,-4,1.52715200382996e-08,2.3721084573184954e-10
32,-2,2.3250693111088316e-06,0.003862330154617278
32,0,7.720867754335714e-08,0.0009556821490727585
32,2,1.4004020391181175e-06,0.001741600608663719
32,4,-2.9952820548544483e-05,-0.00023064770572685163
32,6,0.0001159065692729498,-5.6256938478814e-05
32,8,0.0001059987553046037,0.0001441894195118658
32,10,-0.00016078829421961507,-7.086627626250852e-05
32,12,-0.00018317356377021128,-0.00027607634649815237
32,14,0.0001809487651713267,0.00023337140794875292
32,16,0.00025859692161295505,0.0001808819356156249
32,18,-0.00019133104900641252,-6.791010247790095e-05
32,20,-0.00033275448999456515,-0.0004850710307999682
32,22,0.00019726752787732442,0.0003488556346604284
32,24,0.0004059867690904928,0.00023026730441929558
32,26,-0.0002009412970935421,4.357463820651004e-06
32,28,-0.0004785628412708567,-0.0007127185430066789
32,30,0.00020335740780122718,0.0004458355080592696
32,32,0.0005506953533381742,0.00028539479739430934
33,-33,0.0017620376827781488,0.0017787897577798146
33,-31,0.0015947172380208331,0.001577746455907945
33,-29,-0.0016845973249404913,-0.0017065600193751694
33,-27,-0.0014946976854380268,-0.0014717665027460104
33,-25,0.0016202005807203193,0.0016499098864897685
33,-23,0.0014001502174332764,0.001368402993452396
33,-21,-0.00156921701734673,-0.001611394682185934
33,-19,-0.0013073851287889794,-0.0012614099019298806
33,-17,0.001532111971490502,0.0015961653858038733
33,-15,0.0012078950266910533,0.0011373144019373833
33,-13,-0.0015082113435303888,-0.0016164318863218603
33,-11,-0.0010866265698991746,-0.0009619547795161079
33,-9,0.0014866034461455632,0.0017101168360236076
33,-7,0.0008954093737203977,0.0006238418829720699
33,-5,-0.001399494706496503,-0.0020800640530855615
33,-3,-0.00046686448863768223,0.0004697388653232
33,-1,-1.8782733658383666e-05,0.00890071255927253
33,1,1.4365539355323711e-05,-0.006494373898568559
33,3,-0.00028185617690949533,0.0014345026131897087
33,5,0.0008486128409299721,0.0015281751418802813
33,7,0.0005840951054435497,0.00015483798333600362
33,9,-0.0009515228539134024,-0.0012403548619774548
33,11,-0.0007910929641926948,-0.0005524854619283723
33,13,0.0010561278991679322,0.001122534474246267
33,15,0.0009972703873799866,0.0009664696430378171
33,17,-0.0012013058057529248,-0.0013822313675657001
33,19,-0.0012295777178148483,-0.0010448277737102694
33,21,0.0013952706368605835,0.0013063959851622054
33,23,0.0014962176825523922,0.0016077061715781516
33,25,-0.00163582406131647,-0.0018578872028850622
33,27,-0.0018023900957189424,-0.0015674973699218832
33,29,0.0019231466968859712,0.0017243617709883905
33,31,0.0021502406710334626,0.0023667152793775837
33,33,-0.0022568918674943164,-0.0025433699413264033
34,-34,0.0024086550179530466,0.00243239886586981
34,-32,-3.3000022124640704e-09,-3.04711917142857e-08
34,-30,-0.0021188057296411314,-0.0021495617029589006
34,-28,-3.1504292412679047e-09,1.911140896526663e-08
34,-26,0.0018281915689047155,0.0018691927642223022
34,-24,3.969154813848741e-09,-1.1259393794315754e-08
34,-22,-0.0015363148582908008,-0.0015934355637916592
34,-20,-4.295389047920262e-09,6.104725105489326e-09
34,-18,0.001243617299070533,0.0013271840014845416
34,-16,-4.9548549638234185e-09,-3.6520966687076652e-09
34,-14,-0.0009463955621915731,-0.0010834005391867439
34,-12,-6.261730426326788e-10,6.2325653550246556e-09
34,-10,0.0006436258883502141,0.0009049954063434648
34,-8,-8.013775580416601e-08,-2.5087348602485784e-08
34,-6,-0.0003311973409587545,-0.0010010364298155018
34,-4,1.9702560772797178e-07,-5.2842415971723993e-08
34,-2,1.9778131342139848e-05,0.00401962634887478
34,0,3.8798495362708225e-06,0.0009929936514722474
34,2,1.034565327240948e-05,0.0018097305972619225
34,4,2.411105404053345e-05,-0.00017117433572172544
34,6,-9.44735312495459e-05,-0.0003023654855190707
34,8,-8.615352417033176e-05,5.010380190186669e-06
34,10,0.00013080871124735458,0.00014564168840722045
34,12,0.00014899751601692878,0.0001619212128373795
34,14,-0.00014714265441921268,-0.0002367346667880148
34,16,-0.00021062630832415367,-0.00010923855541128318
34,18,0.00015555620557434384,6.174463921726551e-05
34,20,0.0002709010612498036,0.0003761372312422657
34,22,-0.00016038630410088596,-0.0003099492660109536
34,24,-0.0003303596741956654,-0.00016132996224186232
34,26,0.0001633731452626338,-1.766220935348289e-05
34,28,0.0003892713640359802,0.0005819483133548867
34,30,-0.00016533809121431313,-0.0003924396072775544
34,32,-0.00044780665276661206,-0.00020256785363480077
34,34,0.00016668620351055746,-9.366607516817939e-05
35,-35,0.0014327348870604017,0.0014470926524641902
35,-33,-0.0014937645671245273,-0.0014772757625627923
35,-31,-0.001347815305709968,-0.001366421960360621
35,-29,0.0014353752647001373,0.0014132005419511737
35,-27,0.0012685533149455676,0.0012930334908079564
35,-25,-0.001387057756012036,-0.0013566096830330073
35,-23,-0.0011930962009009908,-0.0012264561479936153
35,-21,0.0013489162698364448,0.0013056197384525552
35,-19,0.0011191785587217336,0.0011661402126960853
35,-17,-0.0013205432509549228,-0.001255315909847368
35,-15,-0.0010389105124425258,-0.0011118629838311118
35,-13,0.0013027399034979937,0.0011908705082549415
35,-11,0.0009374524166545714,0.0010662484737630517
35,-9,-0.0012876686786950106,-0.0010560520530355161
35,-7,-0.0007752178252595105,-0.001054589086422119
35,-5,0.0012160864076497344,0.0005123760985145655
35,-3,0.0004022084526590929,0.001366885928126591
35,-1,-0.00013421230290320765,0.009111360859408744
35,1,8.920617188349611e-05,-0.006649193753577198
35,3,0.0002282984737238064,0.002000212790246485
35,5,-0.000739011675937045,-1.640737893331411e-05
35,7,-0.0004978599076933645,-0.0009807469383469026
35,9,0.0008183197870514763,0.0005799825478719071
35,11,0.0006698285437642702,0.000829399935640197
35,13,-0.0008984692903372635,-0.0007119554047618416
35,15,-0.0008335696795887242,-0.0010172542931628644
35,17,0.0010107617877279746,0.0010138961578927614
35,19,0.0010145644896545462,0.0009774956775049238
35,21,-0.0011602335196150167,-0.0009840906424439923
35,23,-0.0012216816759502628,-0.0014156098233884106
35,25,0.001344944643316358,0.0014658478835894693
35,27,0.0014596069349878588,0.0013100359676545112
35,29,-0.0015656893425632706,-0.0013374050043824326
35,31,-0.0017294760624779089,-0.0019786618304364688
35,33,0.0018222361201487634,0.002036440532387096
35,35,0.0020323466721179884,0.0017936656112902752
36,-36,-8.384014300519271e-09,-3.980413049458004e-08
36,-34,-0.0019811830135034623,-0.0019581111549391446
36,-32,2.893461167630682e-09,2.64508999497719e-08
36,-30,0.001743813235362834,0.0017128560638707405
36,-28,-4.2709083320716795e-09,-1.68214970976238e-08
36,-26,-0.0015052810687048285,-0.0014634594306445433
36,-24,4.667583115153251e-09,1.0107394255175477e-08
36,-22,0.001265228887102506,0.001206909033545914
36,-20,1.2626356882781964e-09,-5.8580046728045846e-09
36,-18,-0.001023057192564851,-0.0009367846416312001
36,-16,-1.1474089385593286e-08,3.1307264634872578e-09
36,-14,0.0007784743580359696,0.0006371659425807659
36,-12,-1.1437055816051046e-07,-3.176542371925289e-08
36,-10,-0.0005277664954694551,-0.00025833201081206983
36,-8,-1.2299444915816596e-06,2.1084039510297234e-07
36,-6,0.0002717909362548635,-0.0004254290608323504
36,-4,-8.805638424603938e-07,-2.245038154904672e-07
36,-2,1.650774312827164e-05,0.004125505025840466
36,0,1.4947444507945813e-05,0.0010409502534365338
36,2,3.1563497853142473e-06,0.00186131217354936
36,4,-1.8410774654568026e-05,-0.00023549937877069787
36,6,7.494057799056785e-05,-0.00011282871758326978
36,8,6.82111610587985e-05,0.00012042385023994115
36,10,-0.00010762283364314355,-2.373511760152995e-05
36,12,-0.00012272573710524846,-0.00020461762236259013
36,14,0.00012099038501046889,0.00015454967225081364
36,16,0.00017303334093708052,0.00011780532853391287
36,18,-0.00012795132346228014,-2.9568152660784955e-05
36,20,-0.00022208798262897807,-0.0003461830134095292
36,22,0.0001319253192528417,0.0002491501684517122
36,24,0.00027138783844959225,0.00013394271417720182
36,26,-0.00013438241878592123,2.999169122840207e-05
36,28,-0.0003199433529122946,-0.0005110829458765676
36,30,0.00013599830594315972,0.0003317937667630003
36,32,0.0003682020469090134,0.0001516061796647981
36,34,-0.0001371132175476122,9.839855916887242e-05
36,36,-0.00041625774015540627,-0.0006747498866079314
37,-37,-0.0013327206582671826,-0.0013468479825891305
37,-35,-0.0012199357252033547,-0.0012060985591909655
37,-33,0.0012790156555372509,0.0012971911042923424
37,-31,0.0011537173663928536,0.0011349547834227716
37,-29,-0.0012332591321061878,-0.0012570020255814416
37,-27,-0.0010910226878698749,-0.0010659831458375841
37,-25,0.0011956363282480305,0.0012276781967529432
37,-23,0.0010305844554791869,0.0009963408169916589
37,-21,-0.0011675905972075502,-0.0012118223387733418
37,-19,-0.000968654977632216,-0.0009204992985359682
37,-17,0.0011475121854032106,0.00121484765737038
37,-15,0.0009018940471985688,0.0008264601687131039
37,-13,-0.0011347609293182615,-0.0012500601683103068
37,-11,-0.000817718846296205,-0.0006829752457145106
37,-9,0.001116526861174473,0.001361105179576565
37,-7,0.0006824732842517134,0.0003921337609805777
37,-5,-0.0010237927386454388,-0.001759475563514055
37,-3,-0.00044331477732709645,0.0005555503528669651
37,-1,-0.00044048884110774205,0.009200541073886192
37,1,0.0003057016832779236,-0.006716204928241155
37,3,-0.0003485351219017167,0.0014560578003465293
37,5,0.0006057876917742649,0.001343809406471623
37,7,0.0004494940112245695,-1.8845914143350874e-05
37,9,-0.000702762886919247,-0.0010085155958398995
37,11,-0.0005685092563719017,-0.00033269901129714296
37,13,0.0007723094383738244,0.0008611113991084603
37,15,0.0007056907748201525,0.0006498323078321844
37,17,-0.0008594012522751121,-0.0010228331616289697
37,19,-0.000849954219974604,-0.000687030762622754
37,21,0.0009748362555029235,0.0009180163216964694
37,23,0.0010147571776650572,0.0010897471174257881
37,25,-0.0011180944509813627,-0.001306768187843646
37,27,-0.001201878803612096,-0.0010041629459732412
37,29,0.0012909351149792286,0.0011367347878326857
37,31,0.0014133420864327123,0.001583002658590459
37,33,-0.001491987253280196,-0.0017344879484763394
37,35,-0.0016502703305346872,-0.0013977137646645123
37,37,0.00172116367515379,0.0014865241191625237
38,-38,-0.0018440786436903101,-0.0018642273202028545
38,-36,-2.1843607037096494e-09,3.320942996015954e-08
38,-34,0.00164656963073142,0.0016717285387027176
38,-32,4.207674083288315e-09,-2.1977679148202096e-08
38,-30,-0.0014479141492604417,-0.001480977913376174
38,-28,-5.3526968326472746e-09,1.3864411733491547e-08
38,-26,0.0012491566851158063,0.0012931919659569888
38,-24,-2.179345557100018e-10,-8.251880187924832e-09
38,-22,-0.0010504918044112648,-0.0011108267013480177
38,-20,-2.8705393691110925e-09,3.969201949824263e-09
38,-18,0.00085018261300489,0.0009394200546273226
38,-16,6.0669425351475615e-09,-1.9398592630317708e-08
38,-14,-0.0006404113793390123,-0.0007941765294839538
38,-12,1.6078089592181799e-06,-1.9157540223769412e-07
38,-10,0.00044260887946306627,0.0007243802466044622
38,-8,1.2488672505005471e-06,-7.019312320346993e-07
38,-6,-0.0002623915434897284,-0.000990966801175702
38,-4,9.157661736078764e-06,-3.26334494442734e-07
38,-2,0.0006555977780820661,0.004970822440813118
38,0,0.0001767794678993636,0.001237094319876516
38,2,0.0002736478421735165,0.002238082238328015
38,4,-3.786666463712844e-07,-0.00022025481604634096
38,6,-7.478402421071162e-05,-0.0002942682553913726
38,8,-5.2248647967629095e-05,3.803985329359606e-05
38,10,9.0642308390322e-05,0.00011668122312473348
38,12,0.00010233617889541758,0.0001011480280705616
38,14,-0.00010059211529440052,-0.00017750802807450512
38,16,-0.0001437256710130053,-5.950115082238994e-05
38,18,0.00010633154063969052,3.4697902688140704e-05
38,20,0.0001849022489611107,0.0002642135125946053
38,22,-0.00010964565282305593,-0.00023088967521907617
38,24,-0.0002259158318529462,-8.883885487299319e-05
38,26,0.00011168536371699677,-3.374644241892311e-05
38,28,0.0002662417810394487,0.00041997939720931124
38,30,-0.00011302863602149441,-0.0002995489349948844
38,32,-0.00030622918954030526,-0.0001039052367109941
38,34,0.0001139558305066641,-0.00010217488994838673
38,36,0.0003460159145330983,0.0005697373464532991
38,38,-0.00011460973858608454,-0.00036515653849431603
39,-39,-0.001107060259811965,-0.0011193724095716541
39,-37,0.001148562027957845,0.001135080534353644
39,-35,0.0010493908277294675,0.001064601183598513
39,-33,-0.0011075911270171266,-0.001089357369613831
39,-31,-0.0009945742454594375,-0.0010147381031332598
39,-29,0.001072429399828869,0.0010482241197923789
39,-27,0.0009432849235037446,0.0009697130091319068
39,-25,-0.0010427114033531649,-0.0010107418866249897
39,-23,-0.0008950317063764899,-0.0009295432351858318
39,-21,0.0010199664748687918,0.0009748033930943995
39,-19,0.0008448238595164978,0.0008945661907087975
39,-17,-0.00100392515103655,-0.0009351125077128151
39,-15,-0.0007891401668095268,-0.000866276138717745
39,-13,0.0009989819327221306,0.0008768694711943299
39,-11,0.0007089543095258873,0.0008493954362980626
39,-9,-0.0010160857323827668,-0.0007616678926425479
39,-7,-0.0005414629426302721,-0.0008496482882491965
39,-5,0.0010955316243207432,0.00030738610256124
39,-3,0.00044243222922182054,0.0015199636806151936
39,-1,-0.004980070887246171,0.0048540175759816204
39,1,0.0035200367362363395,-0.003586599672469792
39,3,0.0005099127570802545,0.002373803378643546
39,5,-0.0006606990795279176,8.1775648397782e-05
39,7,-0.00034048253548544556,-0.0008173238596495697
39,9,0.0006397935884476389,0.00038438341435616914
39,11,0.0005006846682661118,0.0006709858282200289
39,13,-0.0006715677183963684,-0.0004874235611398371
39,15,-0.0006075498637236551,-0.0007794934518318915
39,17,0.0007391632323084816,0.0007177558995580557
39,19,0.000719962120312734,0.000708597782981269
39,21,-0.0008295136267128644,-0.0006760161546715531
39,23,-0.0008510435087967195,-0.0010191271758791818
39,25,0.0009439280356821039,0.0010308571456900029
39,27,0.0009992073614081029,0.0008867601041913196
39,29,-0.0010808742875734459,-0.000887654920226493
39,31,-0.0011679786432503613,-0.001380051502948656
39,33,0.0012394030447274442,0.001410279603316514
39,35,0.0013570391803378232,0.0011626017720660481
39,37,-0.0014197179510673525,-0.001174570233960448
39,39,-0.0015667134121328313,-0.0018299736496587733
40,-40,-1.157747482952165e-09,4.2324342556119024e-08
40,-38,0.0015470440304851108,0.0015275323424973454
40,-36,-3.810047954325331e-09,-2.9359911368835426e-08
40,-34,-0.001381475771921658,-0.0013565006855137246
40,-32,5.69572240587124e-09,1.9675188990732298e-08
40,-30,0.0012164560930874534,0.0011829116016134106
40,-28,1.058648772377796e-09,-1.2629035494390888e-08
40,-26,-0.0010491701890501218,-0.001005168774637374
40,-24,-3.401855313599016e-09,7.485184518211473e-09
40,-22,0.0008816551924746045,0.0008201903656058959
40,-20,1.016595109726246e-08,-1.2760005230739676e-08
40,-18,-0.0007208674061190114,-0.0006212873915540119
40,-16,-2.628136671927373e-07,-4.5051528085268385e-08
40,-14,0.0005416490903903928,0.00039279366582562164
40,-12,3.5790425236548057e-06,5.192416525254563e-08
40,-10,-0.00027624923508221856,2.8650053160233776e-06
40,-8,-6.2391819874967945e-06,-5.390000058331257e-07
40,-6,6.218519772453312e-05,-0.0005962452090891662
40,-4,5.448835870703871e-06,8.72747685184803e-06
40,-2,0.004983510748071934,0.008985108086239426
40,0,0.0019525179869360134,0.0029640771373615205
40,2,0.0021421310686842686,0.004043222984361446
40,4,-0.00017359905062525386,-0.000302094837382167
40,6,7.116548455955538e-05,-0.00016353013227287871
40,8,0.00012416217716946815,0.00013192989833534703
40,10,-3.4076401824516346e-05,2.311104915055695e-05
40,12,-9.143139566247899e-05,-0.00016482819379570518
40,14,7.95263843394142e-05,0.0001039038116460658
40,16,0.00012245343017212472,8.183561513985907e-05
40,18,-8.912513590680646e-05,-8.66643370129217e-06
40,20,-0.00015517695232251602,-0.00025824337550763574
40,22,9.198703589015714e-05,0.00018383523207810996
40,24,0.0001889597590689099,8.016893407588794e-05
40,26,-9.369403291174458e-05,3.9900126398625325e-05
40,28,-0.0002229365013254393,-0.0003813380827460543
40,30,9.482148844535592e-05,0.0002542415635393831
40,32,0.00025660076362393026,7.866014082224717e-05
40,34,-9.559891456224778e-05,0.00010004992930070311
40,36,-0.0002900880082202137,-0.0005084846582430649
40,38,9.615796286787087e-05,0.00031923560803591287
40,40,0.00032357128605012796,8.250036240262593e-05
41,-41,0.0010366636749470008,0.0010487821150410958
41,-39,0.0009576987431355305,0.0009459096567058381
41,-37,-0.0009985228724759315,-0.00101340105331691
41,-35,-0.0009110728045839094,-0.0008960336982971403
41,-33,0.0009643945383613498,0.0009840729330326294
41,-31,0.0008683277591962951,0.0008477879964755282
41,-29,-0.0009359955451425484,-0.0009616056995491337
41,-27,-0.0008259279677080582,-0.000799731612698525
41,-25,0.0009146103338751048,0.0009474085857293973
41,-23,0.000784634112699788,0.0007492764492929219
41,-21,-0.0008973666198952636,-0.0009441702639144988
41,-19,-0.0007414600000703749,-0.0006914908799858033
41,-17,0.0008888635400213843,0.0009555856618164993
41,-15,0.0006869248668485385,0.0006178770955947522
41,-13,-0.0008577916716372013,-0.000982973151760265
41,-11,-0.0006847240314682074,-0.0005538272375849403
41,-9,0.0006285052658758574,0.0008915109233164996
41,-7,0.0005063615741427792,0.00013872785008024196
41,-5,9.553674666053639e-05,-0.0007644383849230083
41,-3,-0.003989388366915645,-0.002140458480496924
41,-1,-0.014186208126580929,-0.0005092889290859169
41,1,0.009319475349760124,0.0002576209826623366
41,3,-0.008666705798162502,-0.003302624682136597
41,5,-0.00038640197812406935,0.00048602091308617897
41,7,0.00036878727659097997,-0.0002487274598935614
41,9,-0.0002790294693595601,-0.0006053438151819221
41,11,-0.0005559805301231798,-0.0002893211503727358
41,13,0.00056005570360356,0.000674594982650747
41,15,0.0005220451009376142,0.000450589288433643
41,17,-0.0006390032370437948,-0.0007915536396201304
41,19,-0.000616110146432158,-0.00046793231077116125
41,21,0.0007122736847616517,0.0006807884247153237
41,23,0.0007226246488499765,0.000770654814389724
41,25,-0.0008037836307035373,-0.0009666902860338275
41,27,-0.0008435145005453317,-0.0006742025090353799
41,29,0.0009116335478625046,0.000792327438426034
41,31,0.000979691037040889,0.0011120926033224097
41,33,-0.0010390778477147042,-0.0012468342303205207
41,35,-0.001130887582669774,-0.0009152213233550378
41,37,0.0011849678663389549,0.0009909686731845557
41,39,0.0012983302228779924,0.001502644235700826
41,41,-0.0013477380539045746,-0.0016037836699273552
42,-42,0.0014486477312961013,0.001466060842259033
42,-40,2.539309672255907e-09,-3.577808289295311e-08
42,-38,-0.00130867096177739,-0.0013299791884580296
42,-36,-5.471611786269162e-09,2.4705137995105387e-08
42,-34,0.0011684750485348265,0.0011951620574941588
42,-32,-1.149767118319156e-09,-1.6426173179235338e-08
42,-30,-0.0010268901626794722,-0.0010623464059330802
42,-28,-9.065993635069131e-10,1.0560687305561679e-08
42,-26,0.0008872348555789911,0.0009328938361353683
42,-24,-7.565881715494916e-09,-1.0831835776494134e-08
42,-22,-0.0007460925557346736,-0.0008095588431287344
42,-20,-3.438108635655426e-07,2.7186573129699366e-08
42,-18,0.0006062324004809581,0.0006976924171833648
42,-16,6.7596500615481e-06,-5.314661024579984e-09
42,-14,-0.0004499543908193975,-0.0006266095966044716
42,-12,2.4390374472923e-06,-2.6833686108647756e-06
42,-10,0.00044086831267428996,0.000771796827537999
42,-8,7.231009097998043e-05,5.261187216794755e-06
42,-6,-0.0010167078473557324,-0.002222834601344752
42,-4,0.00039132123229534336,-3.3429990746300433e-06
42,-2,0.009220657823393385,0.014665525339988626
42,0,0.0005610535959127571,0.0022398358861330024
42,2,0.00430262358288361,0.00647083424481461
42,4,-0.0010169753375334895,-0.0007369215506331199
42,6,3.573849081957841e-05,-0.0005568630839943169
42,8,-0.000150889917596538,-5.0270789182311173e-05
42,10,8.131858496661465e-05,0.00014345442625407945
42,12,5.383192070467072e-05,5.7090247338666906e-05
42,14,-7.81013667176349e-05,-0.00013915447391551526
42,16,-0.0001024320240317135,-2.881307071581894e-05
42,18,7.409267971801497e-05,2.004017825397205e-05
42,20,0.0001289663294651623,0.00019069540414768854
42,22,-7.782589229372005e-05,-0.00017819335112666615
42,24,-0.00016008044422080914,-4.712296453571535e-05
42,26,7.926698882370709e-05,-3.919637783746293e-05
42,28,0.00018883804044430137,0.000312796462644012
42,30,-8.021734733757043e-05,-0.0002352605879645311
42,32,-0.00021747502279717418,-4.892551747487663e-05
42,34,8.087414772834593e-05,-9.964221338078278e-05
42,36,0.00024577536579128425,0.0004320361850930971
42,38,-8.134646985265975e-05,-0.0002939930437482805
42,40,-0.00027377377482726956,-4.93319954394247e-05
42,42,8.16966572239708e-05,-0.00015560251057799117
43,-43,0.0008762155670471658,0.00088692926532492
43,-41,-0.0009056409525382385,-0.0008941907618358191
43,-39,-0.0008353338873540754,-0.0008482976627136549
43,-37,0.0008752633557007353,0.0008605349298950305
43,-35,0.000796934096461279,0.0008130632585754518
43,-33,-0.0008497794215873822,-0.000829805578484036
43,-31,-0.0007595527824926836,-0.0007812723742958552
43,-29,0.0008259276643981729,0.0008014747842786916
43,-27,0.0007262877747843967,0.0007530689096085123
43,-25,-0.0008081014932263013,-0.0007744574490385655
43,-23,-0.0006917225617199095,-0.0007289372876901957
43,-21,0.0007935299391899475,0.0007462072973216607
43,-19,0.0006585348357859697,0.0007100494465824338
43,-17,-0.0007858634234662528,-0.0007119062705668939
43,-15,-0.0006333941717979282,-0.0007128449193040444
43,-13,0.0008290466323318708,0.0006390929293520553
43,-11,0.0003784515809004676,0.0006096789246930557
43,-9,3.132511467550751e-05,9.933518042601367e-05
43,-7,0.0004277689556549603,-0.0006784682523134586
43,-5,-0.004056168926525915,-0.004844072528758339
43,-3,0.010014282411001234,0.011398347875349912
43,-1,0.08200478776681362,0.09193769885583504
43,1,-0.06350190967958477,-0.06637787660574233
43,3,0.015338211989060739,0.01999951540141955
43,5,0.0024945501828892713,0.004949009251914084
43,7,0.00013009120760435015,-0.0006554647467865246
43,9,0.0002552416670996126,-0.0004244145963900147
43,11,0.00022731782177632808,0.00047905667893139407
43,13,-0.00045128904339126265,-0.0003006159804524604
43,15,-0.000478862695446333,-0.000647801270113468
43,17,0.0005745658416893879,0.0005208180359666491
43,19,0.0005372908900266042,0.0005417646614876872
43,21,-0.0006163637781847443,-0.0004791565318129293
43,23,-0.0006192580837578798,-0.000769639935967459
43,25,0.0006914950570187343,0.0007523636721474756
43,27,0.0007175356782444065,0.0006325550835273732
43,29,-0.0007799175616326176,-0.0006145034175363985
43,31,-0.0008266173774651404,-0.0010101448418026095
43,33,0.0008836662353584792,0.001019579549603229
43,35,0.0009503378924838261,0.0007920689562493774
43,37,-0.0009998517691517312,-0.0007895029784302591
43,39,-0.0010875947204549343,-0.0013154278019140262
43,41,0.0011313823068803378,0.0013332668077339286
43,43,0.001237601668336863,0.0010163788925520614
44,-44,-1.2757362440746212e-09,-4.4720228277627806e-08
44,-42,-0.0012350249900884083,-0.0012183060770644964
44,-40,4.8734206041338435e-09,3.2120962758017886e-08
44,-38,0.0011158129231441103,0.0010948424646064741
44,-36,9.806442446275154e-10,-2.2437913091332437e-08
44,-34,-0.0009964642516130798,-0.0009696974417052717
44,-32,4.6209736493003917e-10,1.5166275462650435e-08
44,-30,0.0008766423392862937,0.0008419525465916848
44,-28,-1.9634490939579932e-09,-1.1459387920792177e-08
44,-26,-0.0007565183140953513,-0.0007099941983967553
44,-24,3.67421444118937e-08,7.257189772448799e-08
44,-22,0.0006381222622021878,0.0005723300326189764
44,-20,-5.835173719580797e-07,-4.6544134047494393e-07
44,-18,-0.0005022155013945526,-0.0004372532658131741
44,-16,1.8821885973260202e-05,5.434970880289085e-06
44,-14,0.0004609771569722469,0.0003627199114954664
44,-12,-0.0007115758640861604,2.051893101054306e-05
44,-10,-0.0019148981383404098,-0.0012204740233050136
44,-8,0.0003664306711123038,6.315638661711596e-05
44,-6,-0.00040362886991835773,0.0015236107182128096
44,-4,0.0006558200034141834,-0.00031418590349052754
44,-2,0.06841333219400904,0.06729583928828044
44,0,-0.011011105690960248,-0.0025611906074682615
44,2,0.03133429307061399,0.03098691931230752
44,4,0.000579250967407434,0.004149262522097345
44,6,0.0008765722093692611,0.00028201241615295796
44,8,0.00034109068900242315,-1.5121360259172229e-05
44,10,-0.00017325303054937515,-0.00017674781108270902
44,12,-0.0003940940872949716,-3.741945712738639e-05
44,14,-3.1764246429806465e-06,8.001646744800487e-05
44,16,6.516573363262752e-05,5.1081840831284754e-05
44,18,-6.997016301151906e-05,4.720877837955549e-06
44,20,-0.00011993621834883856,-0.00019968235398539486
44,22,6.652926854635545e-05,0.0001391972926637614
44,24,0.00013877552658619362,4.8995192724734955e-05
44,26,-6.758433252947505e-05,4.2567552151321634e-05
44,28,-0.00016096922039735657,-0.00029396134617535084
44,30,6.838401217288586e-05,0.00019939519872005072
44,32,0.00018484905286563546,3.7516720493131734e-05
44,34,-6.894591236311556e-05,9.474078133172156e-05
44,36,-0.0002089762079640507,-0.000394771699995033
44,38,6.934926370767355e-05,0.00025750705727844205
44,40,0.00023334758268041215,2.819992222444143e-05
44,42,-6.964653814119613e-05,0.0001469638828716552
44,44,-0.00025734291857476576,-0.0004927645634629538
45,-45,-0.0008250428587506988,-0.0008356197226594705
45,-43,-0.0007678967403391328,-0.0007577373875775933
45,-41,0.0007968853450001835,0.0008096622867528101
45,-39,0.0007342890604222981,0.0007215304807693339
45,-37,-0.0007718567750536611,-0.0007877417149681438
45,-35,-0.0007026763636722171,-0.0006865142783502482
45,-33,0.0007491831276104439,0.0007703497745259026
45,-31,0.000672749606492994,0.0006518934960430265
45,-29,-0.0007326650139405496,-0.0007583002742969524
45,-27,-0.0006437487667628426,-0.0006163129637630548
45,-25,0.0007186229627218388,0.0007529676983298893
45,-23,0.0006102978895085879,0.0005770908284024527
45,-21,-0.0007111331117615514,-0.0007579707445998769
45,-19,-0.00041819364194797213,-0.0005206832459073657
45,-17,0.0007036309125668875,0.0007993010923805057
45,-15,0.00011244711404521818,0.00023942842190783928
45,-13,0.00010015864128775842,-0.0003094237487036128
45,-11,-9.419073050936943e-05,0.0004205156866516993
45,-9,0.002470512373715727,0.0029829444312927792
45,-7,0.007556621672189515,0.005496199758027746
45,-5,-0.005290137986112576,-0.014019121612163591
45,-3,0.057113585338753006,0.03769613836998224
45,-1,0.24867569352689425,0.2609314049877888
45,1,-0.1376037890527152,-0.1871197610928466
45,3,0.041650060077752404,0.06745995171848332
45,5,0.02439913315312726,0.013740699030711713
45,7,0.004827195142389961,0.007633373714862337
45,9,-0.0012402827249133957,-0.0026760374893520554
45,11,0.0012823350854116369,0.0011703690405081583
45,13,-0.00026163257107759264,0.00017979488260314453
45,15,0.00035539131402539503,1.5025275618941772e-05
45,17,-0.000499324585920544,-0.0006419777749105389
45,19,-0.0004165381878597213,-0.00031081352358245274
45,21,0.0005475675070792809,0.0005257646632345675
45,23,0.0005309867485886897,0.0005612909069850767
45,25,-0.0006005518805230349,-0.000744804542263051
45,27,-0.0006191997287793627,-0.00046890445184569153
45,29,0.0006722583333513757,0.0005784483429455463
45,31,0.0007075679507993004,0.0008114462770796842
45,33,-0.0007546911125083355,-0.0009349437827791567
45,35,-0.0008093999302058232,-0.0006231420216999444
45,37,0.0008514702096483817,0.0006910161845745154
45,39,0.0009202881501149316,0.0010897440789863256
45,41,-0.0009592697479886746,-0.0011820559161512419
45,43,-0.0010430589094691989,-0.0008140548193820329
45,45,0.0010785328377722657,0.0008607651389205031
46,-46,-0.001162429589283925,-0.0011776835998866717
46,-44,-3.562111693718867e-09,3.820138717192801e-08
46,-42,0.00106008060916097,0.0010784539474740556
46,-40,6.972898131943003e-09,-2.7303237133448935e-08
46,-38,-0.000957637669742077,-0.0009801603604811398
46,-36,1.5737538824195374e-09,1.8919902199971418e-08
46,-34,0.0008546285239720011,0.0008832730824149065
46,-32,-3.795155743488432e-10,-1.2966669378623198e-08
46,-30,-0.0007530246597604888,-0.0007886030818564648
46,-28,2.4114901426520595e-08,4.039423184976458e-09
46,-26,0.0006486439674610936,0.0006977489893461698
46,-24,6.083458914972939e-07,-5.615802059741423e-08
46,-22,-0.0005574878688272663,-0.0006022525970509953
46,-20,6.705622245158841e-06,5.605932614638475e-06
46,-18,0.0003530130098182958,0.0005271116718836821
46,-16,-0.00011517782979207877,-6.789269214297224e-05
46,-14,-0.000352691527781779,-0.0012380154668059937
46,-12,0.0015552739631357277,0.00022623619397347443
46,-10,-0.004508285106897222,-0.0020435956409177803
46,-8,0.002410561776395404,-0.0018390085739924966
46,-6,0.033492598325180575,0.026295393702938
46,-4,0.019001832162342108,0.0014827738409880973
46,-2,-0.48509300761883517,-0.4187289972432122
46,0,0.08256519297671178,0.09859788137482686
46,2,-0.20868884260676385,-0.1948076384368751
46,4,0.01957452338476596,0.011256902159437018
46,6,0.0024775385451099277,0.005733750127454426
46,8,-0.003237672582529303,0.0011224620871645792
46,10,0.0012384394573083705,-0.0011679288115510422
46,12,0.0005140853365042329,0.0002717763692096656
46,14,2.4817106972884892e-05,-0.00021444108067979098
46,16,0.00028541010702883365,-2.7122179698117113e-05
46,18,9.090883826435911e-05,8.136192422054405e-07
46,20,9.558452904170256e-05,0.0001454009620585138
46,22,-5.415804338914993e-05,-0.00013916020286723754
46,24,-0.0001155983178871057,-2.218971588452733e-05
46,26,5.813955804284997e-05,-3.966826371046385e-05
46,28,0.00013968945753123645,0.00023880419106202765
46,30,-5.871443446845606e-05,-0.00018920707965898483
46,32,-0.00015928895881121345,-1.7383475666204307e-05
46,34,5.918750787813629e-05,-9.283682801629002e-05
46,36,0.00018004939221501413,0.00033580902089203274
46,38,-5.9537931169206543e-05,-0.000240971579432345
46,40,-0.00020035787199993287,-8.597098342691411e-06
46,42,5.9787371001145985e-05,-0.00014438717502324131
46,44,0.00022092950608115216,0.00042859209083464145
46,46,-5.998253770743943e-05,-0.00028945869078529
47,-47,-0.0007074763845929012,-0.0007169140252394744
47,-45,0.0007290113860742612,0.0007191070365001134
47,-43,0.0006775020976601225,0.0006888064738273259
47,-41,-0.0007061144898080035,-0.0006936841462708849
47,-39,-0.0006493603841437634,-0.0006631117585703067
47,-37,0.0006860448323004105,0.0006701914927773475
47,-35,0.0006225858287080417,0.0006399025800943979
47,-33,-0.0006686303955389882,-0.0006483058364720298
47,-31,-0.0005978791886439154,-0.0006193203198724282
47,-29,0.0006536304968627678,0.0006274671256939719
47,-27,0.0005715622111952163,0.0006014141130718432
47,-25,-0.000639419774138768,-0.0006038898763453122
47,-23,-0.0005433342733061759,-0.0005889162698176501
47,-21,0.0006865331072900893,0.0006001081029670048
47,-19,0.0005386131121564382,0.0005784272821845047
47,-17,-0.0008423313936245203,-0.0005042873737007232
47,-15,0.0011268581284797005,8.561691066946664e-07
47,-13,-0.006230075048218923,-0.00018173374580366744
47,-11,0.013202514959947967,0.004146032386420789
47,-9,-0.012433069695750209,-0.016288363324478156
47,-7,-0.0723089378184331,-0.06268303130283057
47,-5,-0.12738573565947323,-0.09612508880748956
47,-3,0.3711023766546093,0.15435118348221386
47,-1,3.4117226104079044,2.676510210905507
47,1,-2.3546889141519296,-1.9329468725897387
47,3,0.3936517411679141,0.30186706478460107
47,5,0.10111109867582767,0.10356580867437502
47,7,-0.11383189177961477,-0.10574321943773636
47,9,0.0123048689249557,0.018579574818612377
47,11,0.00919915564283629,0.008942817464564335
47,13,0.004065614661817433,0.0010536016586487002
47,15,0.0010576621810767313,0.0009911920853829617
47,17,0.0004614425153200898,0.0002727900153087339
47,19,0.0005392920871429187,0.00043797280873284335
47,21,-0.0005081823967691706,-0.00036997585857634715
47,23,-0.0004762740583489492,-0.0006085313378374375
47,25,0.0005020073231918274,0.0005636814336131977
47,27,0.0005329054049838167,0.00047158850132331077
47,29,-0.0005847166731905809,-0.0004393516259498967
47,31,-0.0006093434202597939,-0.0007691038041375996
47,33,0.0006531289577311768,0.0007622137055811301
47,35,0.0006922107073585468,0.0005629313659624061
47,37,-0.0007319780548672182,-0.0005498276562481648
47,39,-0.0007853421772866027,-0.0009840444073499967
47,41,0.0008203910615033511,0.0009897216354152662
47,43,0.0008869148745952283,0.0006987266057317863
47,45,-0.0009188789877297238,-0.0006951681765781958
47,47,-0.000997629601228605,-0.0012367860442225017
48,-48,1.4481299839830264e-09,4.7009643460115104e-08
48,-46,0.0010043757235838292,0.0009898477303265524
48,-44,-6.0837640611030586e-09,-3.4751881434147714e-08
48,-42,-0.0009160851906828927,-0.0008981423913172022
48,-40,-1.212086300685783e-09,2.5108727284092394e-08
48,-38,0.0008276928228151847,0.000805275516147056
48,-36,-6.006799356961939e-10,-1.7610997776918608e-08
48,-34,-0.0007393551806677022,-0.000710683024481072
48,-32,-4.5044846609231665e-09,2.1255350787825797e-08
48,-30,0.000649925396933939,0.0006133823726314305
48,-28,-6.645818899277817e-08,-9.462628235845282e-08
48,-26,-0.0005495941328741081,-0.0005101107771338062
48,-24,-1.7369426269442747e-05,-1.7493499840074483e-07
48,-22,0.0004739357804333966,0.0003791204746989318
48,-20,-1.4421631019637696e-05,4.155342800401194e-06
48,-18,-0.0003151610919375485,-1.5583247295914266e-05
48,-16,0.0003343067949956641,4.497735912197612e-05
48,-14,0.005370387596233661,0.0034704959660113157
48,-12,0.002156571434379891,0.0031290584122557574
48,-10,0.02816860496840934,0.020326066891720677
48,-8,0.008992989629783121,0.007949527169438237
48,-6,-0.04847596502231266,0.012864676514509996
48,-4,0.0988057356999435,-0.00933113031866245
48,-2,-1.573209563843043,-1.5245322166906543
48,0,0.32032453706569897,0.41776697298759513
48,2,-0.7880914618149976,-0.6948755336017064
48,4,-0.20977549650116625,-0.20006674725969129
48,6,0.04533607650264203,-0.0008957777555492573
48,8,0.05352185857320099,0.00744562820624708
48,10,0.007483827187018904,0.011860078906674856
48,12,0.006220433281576134,0.0017770525144156135
48,14,-0.003093685731497254,0.001763049687587588
48,16,0.0001237673634810623,0.00010351518574642577
48,18,-0.00034310126788757167,0.00014762884520118472
48,20,-0.00019317027755860693,-0.00019119378486097657
48,22,4.293542764143495e-05,9.719038321519346e-05
48,24,0.0001080219171910073,3.293725121774949e-05
48,26,-4.5421413764704354e-05,4.230133584733606e-05
48,28,-0.00011663301691390756,-0.0002330480267347437
48,30,5.063933662009187e-05,0.0001593060859530817
48,32,0.0001369493021368016,1.3839146941977238e-05
48,34,-5.113644290636704e-05,8.693817625326047e-05
48,36,-0.00015509078376284088,-0.00031418064086497817
48,38,5.143472643072324e-05,0.00021088394750686765
48,40,0.00017304971660434977,-2.2063149983334505e-06
48,42,-5.165055231779771e-05,0.00013433509821871533
48,44,-0.00019084814922573176,-0.00039573156093459865
48,46,5.182416006130428e-05,0.00025900658758846085
48,48,0.00020862067270147663,-1.3917854151089097e-05
49,-49,0.0006692776990386475,0.0006786206749027422
49,-47,0.0006267781975495849,0.0006179062508713936
49,-45,-0.0006479675955308836,-0.0006591068036316699
49,-43,-0.0006018600651185291,-0.0005908573353431714
49,-41,0.0006289003693983998,0.000642382867595892
49,-39,0.00057835682399582,0.0005646749451031303
49,-37,-0.000612038297373348,-0.0006287622152181091
49,-35,-0.0005558271246904288,-0.0005388898629528911
49,-33,0.0005973155938031859,0.0006187406203194817
49,-31,0.0005331822709949014,0.000512741274178806
49,-29,-0.0005870628544151394,-0.0006127765921274355
49,-27,-0.0005115253642727051,-0.00048735279927127837
49,-25,0.0005549582203833819,0.0006032026453457206
49,-23,0.0004369305618956013,0.00047639672315843913
49,-21,-0.00013733852708797554,-0.0006612069079958725
49,-19,-0.0016695950407932076,-0.00047213975068528325
49,-17,-0.0015319476455955003,-0.00031238846205307406
49,-15,-0.0014364116034080686,-0.0033275881573551205
49,-13,0.017848441837561506,0.003818332215037188
49,-11,-0.037858225072913455,-0.020287020382456958
49,-9,0.06365309421814147,0.13531864643106467
49,-7,-0.3028884473977365,-0.2840531865471886
49,-5,0.3618593463549596,-0.047854878408799685
49,-3,0.8687638239089798,0.9072610073733384
49,-1,1.4525609825378463,6.436427720983152
49,1,-1.8031224957100291,-4.620437320452734
49,3,0.8004208839621443,1.438284219213856
49,5,-0.38297301374710435,0.009000253051080005
49,7,-0.3851636646341167,-0.4185760809319135
49,9,-0.23160315376733911,-0.12861914246231146
49,11,-0.01577794017422805,-0.03322003144377748
49,13,-0.011753761867072903,-0.003411320438518207
49,15,-0.0006108935464880917,-0.0048127495843853785
49,17,0.0024546091504434086,0.0009179795003689772
49,19,-0.001499946982227373,-0.00040737210193746365
49,21,0.000937534555466695,0.00027535148530309026
49,23,0.00039663831345390513,0.0004305732981204206
49,25,-0.00041556003876655625,-0.0005854783865100917
49,27,-0.00046708933603788774,-0.000338076442822282
49,29,0.0005128065635593054,0.0004387875919960862
49,31,0.0005290803067626688,0.0006097434879249986
49,33,-0.0005683271912555093,-0.0007257472286183504
49,35,-0.0005990321125842836,-0.0004375358227288415
49,37,0.000633597217845659,0.0005007155889618824
49,39,0.0006762127014434838,0.0008166553830200594
49,41,-0.0007075927417214106,-0.0009027273256713079
49,43,-0.0007606785923825604,-0.0005605224977121238
49,45,0.000789134742190031,0.0006023343495949126
49,47,0.0008527342286962267,0.0010454001495193994
49,49,-0.000878977408369435,-0.0011127799758560446
50,-50,0.0009495120892396504,0.0009630283447003027
50,-48,4.402753646902402e-09,-4.049863352021554e-08
50,-46,-0.0008727018261170848,-0.0008887777172220097
50,-44,1.1504234925796553e-09,2.9782250786429456e-08
50,-42,0.0007958522549142388,0.0008152356615599982
50,-40,6.82249091206108e-10,-2.135921646378734e-08
50,-38,-0.000718977484732666,-0.0007427152693155769
50,-36,-3.575334660223164e-10,1.4623090051989999e-08
50,-34,0.0006420331956406627,0.0006717339766934842
50,-32,2.349193371241953e-08,-1.8551087513381775e-08
50,-30,-0.000565572481526641,-0.0006039823088796871
50,-28,-1.2058376350652804e-06,2.052199570313823e-06
50,-26,0.0005150529522952293,0.0005486862817826179
50,-24,-0.00011972662134845425,-2.3408768087147365e-05
50,-22,-0.00020032647235988685,-0.0006544825950873194
50,-20,-0.0013369690404045516,-0.00034392898505339017
50,-18,-0.00126310084331536,0.004110264414058217
50,-16,0.008819224333507234,0.00034591624295525
50,-14,-0.06716734825792561,-0.06674053149800672
50,-12,-0.03311862862441538,-0.004007498940392591
50,-10,0.17826491459189242,0.2644245220086031
50,-8,0.12762786519030533,-0.07189379547056116
50,-6,-1.5404100261571774,-1.9759435995552594
50,-4,0.4539903898491422,0.09444374731442783
50,-2,24.781048858113635,27.653446598504175
50,0,8.90867126405214,9.04868668868283
50,2,10.445061404420834,12.282781768305403
50,4,-0.6113639833352449,-0.4678574791448691
50,6,-0.7416982469311698,-0.5703306313061673
50,8,-0.2339390517140588,0.02330871640341309
50,10,0.15900290947554482,0.025787435862268598
50,12,-0.00996439017620197,-0.015270903441076905
50,14,-0.013709277961410367,-0.015362364510944946
50,16,0.0031551561022471145,0.0016801883189599533
50,18,0.01984027318326134,0.0005545239349128721
50,20,0.0005883224003269976,-0.00015844035790117027
50,22,-1.832055625207393e-05,-0.00018781389075270854
50,24,-0.00014758542327180047,-1.734559260444203e-06
50,26,2.9748770819716508e-05,-4.473847757162755e-05
50,28,9.860596299198103e-05,0.00018671952435562743
50,30,-4.420681860991811e-05,-0.00015500580139976518
50,32,-0.00011967376533218801,1.0011542953009971e-06
50,34,4.4416543112789066e-05,-8.472568917294568e-05
50,36,0.0001349933969514519,0.0002662966892117536
50,38,-4.469934237753652e-05,-0.00020061892527341475
50,40,-0.00015045611552263734,1.4274477087546248e-05
50,42,4.489168857605688e-05,-0.0001314430521348976
50,44,0.00016589862972915783,0.0003446723555047173
50,46,-4.503639293772753e-05,-0.0002453859013276202
50,48,-0.00018131528525609043,2.662487892981823e-05
50,50,4.515088487675248e-05,-0.0001743407984932179
51,-51,0.0005809213003359513,0.0005893205365803822
51,-49,-0.0005970743051517628,-0.0005884197233287427
51,-47,-0.0005583773456759575,-0.0005683358231760092
51,-45,0.0005795273751481515,0.0005687893009959093
51,-43,0.0005372486908838964,0.0005491061100838187
51,-41,-0.0005638041100919658,-0.0005504696803309002
51,-39,-0.0005173089930446881,-0.0005317023823449916
51,-37,0.0005497240423181964,0.00053324994908112
51,-35,0.0004985147067467503,0.0005162458468183774
51,-33,-0.0005367769231954336,-0.000516787147762538
51,-31,-0.0004907022629324003,-0.000502494266184325
51,-29,0.0005277622262486923,0.0005003565004904269
51,-27,0.00043189085168120244,0.00047766196197483924
51,-25,-0.0006840909255404906,-0.0005018399937553136
51,-23,0.0005378609951785481,8.456493809979002e-06
51,-21,0.002017118580625859,0.0019419711499651178
51,-19,0.00546855490394898,-0.0015507100879232568
51,-17,-0.013367562282651,-0.012760615383062513
51,-15,0.013791065170261747,-0.00680514625255765
51,-13,0.14740191096826843,0.2374824771245115
51,-11,-0.3012190787594966,-0.45874142009507196
51,-9,-1.370676392398908,-1.423118264632338
51,-7,3.6859610830280243,3.0589090849167917
51,-5,7.89815364233793,9.354881880899619
51,-3,-13.380260903600082,-12.81637897693573
51,-1,-109.68539974507516,-124.97188765514711
51,1,79.5661869556647,90.12585117602663
51,3,-21.269565634813198,-22.76995001297413
51,5,-8.343925103547578,-9.321113990373272
51,7,5.358541639382441,5.024660214589846
51,9,1.2639551578681445,1.7203794852289607
51,11,-0.5678963108127348,-0.6199549688183282
51,13,-0.21561067869845227,-0.2614599324129669
51,15,0.016131899894652357,0.0006203330861829094
51,17,-0.006415440468235444,0.006602754325283969
51,19,-0.002880567589535131,-0.004901802396728838
51,21,-0.0021342545601610073,-0.0019034758520078462
51,23,0.0006851630153482736,4.862776265881374e-05
51,25,0.0005221698236002833,0.0005653614299750475
51,27,0.00043234879482857377,0.0003660942794155889
51,29,-0.0004449643865186479,-0.0003253079178816892
51,31,-0.000464295953005717,-0.0006046237472996825
51,33,0.0004972043213796868,0.0005850048427563507
51,35,0.0005216387863526088,0.00041506130325112537
51,37,-0.0005536065310107841,-0.00039389466949809584
51,39,-0.0005859405656434823,-0.000760889187370993
51,41,0.0006145176019861766,0.0007565466562543848
51,43,0.0006569335286810246,0.0004967892695268222
51,45,-0.0006831414207129934,-0.00048668243737275666
51,47,-0.0007342830052293919,-0.0009460175966800251
51,49,0.0007582048948659273,0.0009484921411642639
51,51,0.0008180286072384836,0.0006110727795298857
52,-52,-1.7495452482585439e-09,-4.9206716899326367e-08
52,-50,-0.0008297498071649855,-0.0008169790938068585
52,-48,7.460849283649415e-09,3.726788271161699e-08
52,-46,0.0007627898842629029,0.0007472094200991206
52,-44,-7.858999729205146e-10,-2.7690447124597477e-08
52,-42,-0.0006957639787378311,-0.0006766047284720238
52,-40,9.959477736878192e-10,2.007586576969056e-08
52,-38,0.0006287254150340733,0.0006048009121996971
52,-36,4.954147105053244e-09,-1.8472657128136083e-08
52,-34,-0.0005612844503699424,-0.0005312187391500928
52,-32,4.926722656909315e-07,-1.1481502917381148e-07
52,-30,0.000507069273514852,0.00045590918625241215
52,-28,3.184524226561361e-06,3.8454068928927885e-06
52,-26,-0.0005070176469964819,-0.00035431252510798614
52,-24,-0.0004216951693980273,4.469269682329941e-05
52,-22,0.0023432937160904723,-0.0014340355428207057
52,-20,-0.013481413288185785,-0.0007088387217770017
52,-18,0.057190451176081195,0.03095256048725068
52,-16,-0.015145062596810772,0.013285868269950337
52,-14,-0.2571871691175917,-0.2679170293346973
52,-12,-0.11599041091809939,-0.0533427714591102
52,-10,5.105433320374218,5.161226455997998
52,-8,-0.35521007384663283,0.15211710132125744
52,-6,-6.202012529156719,-5.814598979973927
52,-4,-0.6198431919356837,-0.1400524222042035
52,-2,69.9318399140593,66.74045885509096
52,0,4.008498240308803,9.453526482112542
52,2,34.45696900493611,30.41769540385798
52,4,-0.6562300918629449,-1.0370794109938035
52,6,-2.7152937669588244,-1.9682536360455938
52,8,1.1934130305145443,1.1800120787405928
52,10,0.9626789348925486,1.0113585551992668
52,12,0.05053013954713392,-0.1176087717653853
52,14,-0.1269096954291434,-0.06930889941351259
52,16,-0.026531684869969967,0.01786904325660848
52,18,0.03278123553834714,0.005505879457047923
52,20,-0.012205173766675844,-0.0001630875178891012
52,22,0.0035342522744374084,-0.00031158828848127436
52,24,0.004403246918058879,6.048938354436525e-05
52,26,-0.0003390736338739788,7.966024262589979e-05
52,28,-0.00012869797965317498,-0.00019613912979136566
52,30,4.3001796056689884e-05,0.00012889626802977842
52,32,0.00010185122455951103,1.1452412184058032e-07
52,34,-3.885512900007446e-05,7.861134579333451e-05
52,36,-0.00011784357957899176,-0.0002553661445286931
52,38,3.906220196554853e-05,0.00017494161409102176
52,40,0.00013146278963328006,-1.9149662170776814e-05
52,42,-3.9226098893326965e-05,0.00012111320295254827
52,44,-0.0001449042945308811,-0.00032389827403106795
52,46,3.935355638904833e-05,0.00021918015717901278
52,48,0.00015840438004282488,-3.623734093712977e-05
52,50,-3.945353993168189e-05,0.00016201197887612772
52,52,-0.00017186908622856322,-0.0003896131315266583
53,-53,-0.0005517566034347176,-0.0005600961403230024
53,-51,-0.00051941619540025,-0.0005115827430590543
53,-49,0.0005352786708222002,0.0005451201700288813
53,-47,0.0005005065048288281,0.0004908837244696666
53,-45,-0.0005203873560858664,-0.0005321318169547075
53,-43,-0.0004826244840823402,-0.00047081858353448063
53,-41,0.0005071286649259961,0.0005213387914280297
53,-39,0.0004653536702286262,0.0004510956206117069
53,-37,-0.0004957368319328573,-0.0005130738460121155
53,-35,-0.0004491399362184619,-0.00043122852087049764
53,-33,0.0004894712253904491,0.0005076206783706479
53,-31,0.0004297714047727533,0.0004080500229192908
53,-29,-0.0004633076859372656,-0.0005002496400529867
53,-27,-0.00021130012973923158,-0.00027592331916249246
53,-25,-0.001895718312113177,-0.0005173192215150416
53,-23,0.00419166717699818,0.0007506123748809771
53,-21,-0.008897026821068705,0.00617474801247167
53,-19,-0.06089189188599993,-0.012863645936353273
53,-17,0.05376161524232463,0.023680683635675878
53,-15,0.470970076516545,0.3679753678294782
53,-13,-0.14780218984348276,-0.30190581396099087
53,-11,-0.5159816214515995,-1.3745301202653708
53,-9,-6.189416857830454,-3.4543950207029797
53,-7,-4.514795701661002,-6.810853095007332
53,-5,29.361615334676877,19.706853096341668
53,-3,-98.70326302737205,-93.79722033641414
53,-1,243.09195304292078,317.204084383679
53,1,-175.04624978608499,-230.0330848595247
53,3,-179.97422499832845,-166.43051481453898
53,5,-32.44300151924871,-20.301679768941693
53,7,-9.698213643438564,-8.91747125448907
53,9,5.218532908421293,4.49743173316709
53,11,-3.4498305820601094,-2.212086861911742
53,13,-0.778542281562316,0.24942963127646736
53,15,0.6221176138556588,0.46626841769165356
53,17,-0.11369355875217174,0.03398398788810185
53,19,-0.020020492305140112,-0.03195277990106659
53,21,-0.020729645573121555,-0.009835783200984625
53,23,0.0030033896463766193,0.002877180063035392
53,25,0.002860826401814496,0.0004367628593922052
53,27,-0.00022163823740151974,-0.00021419104973744433
53,29,0.00041481825728762275,0.00034063699509874425
53,31,0.00040540678250516155,0.0004681904446961524
53,33,-0.0004405070275117799,-0.0005793461909194915
53,35,-0.0004574909163407779,-0.0003146407767141749
53,37,0.00048591761858312346,0.0003751813600610678
53,39,0.0005120007378896632,0.000628331471012436
53,41,-0.0005376433247922375,-0.0007100678884705295
53,43,-0.0005719082988514886,-0.00039582666890655016
53,45,0.0005950235436550845,0.00043472309423455015
53,47,0.0006370658777898812,0.0008023818545371982
53,49,-0.0006584259909358245,-0.000866334475834098
53,51,-0.0007076189822318067,-0.0004965114350909829
53,53,0.0007274956347886222,0.000523435589925589
54,-54,-0.0007874046980897192,-0.0007995165145103418
54,-52,-5.32114754949603e-09,4.268541116876083e-08
54,-50,0.0007284924878396278,0.0007427302469978541
54,-48,-1.33768541382695e-09,-3.215233709045082e-08
54,-46,-0.0006695516332283809,-0.0006864915283250105
54,-44,-9.008124453075035e-10,2.3702050553890728e-08
54,-42,0.0006106847564998908,0.0006310164926191447
54,-40,3.822300045485533e-09,-1.621345985527537e-08
54,-38,-0.0005524324452529542,-0.0005766445100384528
54,-36,8.5692811424073e-08,-3.107969327009978e-08
54,-34,0.0004975130868223565,0.0005246874315507528
54,-32,1.2499301704435395e-05,4.006795244028457e-06
54,-30,-0.0003696268512365931,-0.0004951675149683656
54,-28,0.00019919228462564884,0.00016412712040704292
54,-26,0.0025015138954324967,0.0007432971179603023
54,-24,0.0033966612342949025,0.00114705195601051
54,-22,-0.016766994172500632,-0.007129167255115069
54,-20,0.028367198677210947,-0.0017230141806644289
54,-18,-0.18374195283987182,-0.19304338763147885
54,-16,-0.14136609771856382,-0.08810586111894755
54,-14,0.6258310539393314,-0.3916549847276271
54,-12,-0.7616890651532644,-0.1961811600368349
54,-10,18.03448949322181,16.584118639360895
54,-8,-1.3446031269999603,-0.8048018038393684
54,-6,-8.87067948569299,-16.523637197542477
54,-4,7.594161397505192,-0.41469856581957987
54,-2,1102.555823073391,1230.687169507041
54,0,211.83167238246207,224.98138606453762
54,2,499.3363693230897,550.5397071135658
54,4,-57.127864601236496,-32.8794757580566
54,6,-33.179265386029556,-6.23853746709567
54,8,3.609871599791302,-1.943920234970833
54,10,7.2845586456669675,1.969396077205436
54,12,-1.2195844705196581,0.16216332216485066
54,14,1.3743583025561803,-0.008924526972051131
54,16,-0.05924857624124902,0.024796043110708505
54,18,-0.02213699161358279,-0.03126839834778486
54,20,-0.03289869105432143,-0.014018472821861031
54,22,-0.008017322400578368,-0.0017605957575434759
54,24,0.004504500066224744,-0.0006665635451784823
54,26,0.002561993280865356,-0.0004992255018476634
54,28,-0.00045179763674576667,7.786739155257317e-05
54,30,0.00010351749460903943,-0.00011151201150805665
54,32,-8.669080811584438e-05,1.076886148783553e-05
54,34,3.371100101339159e-05,-7.676890854544253e-05
54,36,0.00010388392020023575,0.00021455834647176987
54,38,-3.4285452297858124e-05,-0.00016934690534246044
54,40,-0.00011541284034815883,2.6934064589483047e-05
54,42,3.44469149354869e-05,-0.00011865196322891934
54,44,0.0001273261194007287,0.0002816051181287936
54,46,-3.455942163873172e-05,-0.0002100544847037288
54,48,-0.00013915607309222114,4.292755722067751e-05
54,50,3.465169671240838e-05,-0.0001588760077920602
54,52,0.0001509555341824225,0.00034526663812760864
54,54,-3.471518577859243e-05,-0.00024783674256055767
55,-55,-0.000483905765743556,-0.0004914511376393482
55,-53,0.0004962936459581038,0.0004886505440699811
55,-51,0.00046656607503737954,0.00047543990163086196
55,-49,-0.0004826068429380788,-0.0004732035000831793
55,-47,-0.00045022064771435045,-0.0004607330392573493
55,-45,0.00047020012623722254,0.0004586691651061219
55,-43,0.0004349702913913419,0.0004473917871608074
55,-41,-0.0004588146564599034,-0.00044490548989845367
55,-39,-0.0004208371922669442,-0.0004355130244684247
55,-37,0.0004412553834520844,0.0004317652138777859
55,-35,0.00040664594303387546,0.0004252319221516806
55,-33,-0.00044573221689080936,-0.0004216497886707579
55,-31,-0.0005106758639801169,-0.00039720929520812215
55,-29,-0.0005511922253093363,0.0003843856215709865
55,-27,0.0012215592803287321,-0.0004983777241022401
55,-25,0.01359233869455201,0.00018204050095539087
55,-23,-0.024683542246021525,-0.011386886601377225
55,-21,0.1260841758448097,0.10256940367189782
55,-19,-0.17443150832680968,-0.25050189946021756
55,-17,-0.747189082492099,-0.25522500683783017
55,-15,0.17405110200087415,-1.4421909283828707
55,-13,7.6909612691772855,6.325597732585359
55,-11,0.814224512111188,-1.1327162473680294
55,-9,14.59581189601651,-2.400018199560062
55,-7,83.81033239048563,76.00531593247788
55,-5,-111.01007670352833,-76.0682734746817
55,-3,-103.39126162743483,-132.91725164566384
55,-1,-5541.076520106682,-6679.908894686345
55,1,4269.539366706873,4833.740937528216
55,3,-162.29321779796203,-245.46401677278598
55,5,51.56508674485792,82.2521173572197
55,7,135.55566097877474,130.7706239942069
55,9,21.306315111536136,1.8375695055151442
55,11,-9.429314202537832,-1.6332576683104973
55,13,-5.812492259733193,-6.286384482584119
55,15,-2.3442056172063426,-1.2490102919610864
55,17,1.120314923715891,0.2519520447621852
55,19,-0.10536182312768919,-0.2913226252223943
55,21,-0.05293465697838019,-0.06532510275491445
55,23,0.03395583815795135,0.003299080364932379
55,25,0.00500740323337907,-0.0037089194312770724
55,27,-0.0006308978262745108,-0.0006286974069593208
55,29,0.00011677332271505585,-0.0003683452406027972
55,31,-0.00037181446721099053,-0.00046819500920388513
55,33,0.00036580402519453565,0.0004595641651157917
55,35,0.000407124528448227,0.000316332544557351
55,37,-0.00042931846418490583,-0.0002884152416215037
55,39,-0.0004496151790995245,-0.0006049255593197541
55,41,0.0004731802753026601,0.000592145821801189
55,43,0.0005004366232938788,0.0003638317029463489
55,45,-0.0005222392978101902,-0.00034871475853131585
55,47,-0.0005558265684661546,-0.0007442175155010398
55,49,0.0005758434300884643,0.0007402325368650935
55,51,0.0006159176640066173,0.0004349712999140606
55,53,-0.0006342464118329811,-0.0004272723934570815
55,55,-0.0006806081712082096,-0.000901390008765172
56,-56,2.111076174439973e-09,5.1322843941116585e-08
56,-54,0.0006948185140692193,0.0006834758758611713
56,-52,1.168815482333746e-09,-3.968190221648582e-08
56,-50,-0.0006429993250581026,-0.0006292980199652269
56,-48,9.76879834403005e-10,3.0187252148336524e-08
56,-46,0.0005911382277685934,0.0005744999270404063
56,-44,-6.888348528730215e-10,-2.248288952483103e-08
56,-42,-0.0005389273302017565,-0.0005188349898801298
56,-40,3.09778494363019e-09,1.2515985566404382e-08
56,-38,0.00048575536003616927,0.0004620002211096112
56,-36,-5.220341209684797e-06,-2.980098153636845e-07
56,-34,-0.00045448859984941516,-0.00040004278787255607
56,-32,3.4499568524367825e-05,1.571382229278214e-05
56,-30,4.281286293201161e-05,0.00035137031234617854
56,-28,-0.0021062675664538016,-2.6586923142873326e-06
56,-26,-0.013270799066494938,-0.0014158493605431882
56,-24,-0.015211822417584033,-0.005552748934508092
56,-22,-0.18145408613841144,-0.14169679497247267
56,-20,-0.4121928518373814,0.0035890815166743162
56,-18,1.2713138609442973,-0.3236184701197703
56,-16,1.3172310781626544,-0.26264039489186886
56,-14,3.231739886815629,-1.5429572454700502
56,-12,-3.3793805922963465,-1.20468223636598
56,-10,40.13880745894866,36.44188031547455
56,-8,-5.7202674330095125,0.49872067395497177
56,-6,9.486579031988942,115.82271492398789
56,-4,58.3481285982436,-12.650699148864385
56,-2,1545.0719064226557,1362.03800012699
56,0,293.99200873156803,221.87866854118076
56,2,697.5141051604231,594.6302354450825
56,4,-240.95039202986013,-137.37934165548663
56,6,63.87126018115311,42.17708818864183
56,8,28.058074122473077,26.958645600611593
56,10,-5.578488061394893,11.05936466154864
56,12,-29.16651523428916,-3.534264144731412
56,14,5.80870175467574,0.4983087283355092
56,16,1.249552077742937,-0.3678676625586609
56,18,-0.46951742924120055,0.040641775328735516
56,20,-0.11402993452619223,-0.006740703836493078
56,22,-0.17208952720363924,-0.042035611657148864
56,24,0.008539701054173936,-0.004252473324675036
56,26,-0.009530387059876048,0.00189883928502612
56,28,0.00041315881131655957,-0.00048449010715361315
56,30,-0.08885681340578537,3.0680814570097e-05
56,32,0.00019817051003192374,9.489138975000123e-07
56,34,-2.905570430236469e-05,7.444894869021195e-05
56,36,-8.526012736102981e-05,-0.00021060823654272731
56,38,3.0405305890730552e-05,0.00014681453762245528
56,40,0.00010195837286044792,-2.8285933603287538e-05
56,42,-3.0387880286983056e-05,0.0001085153312062763
56,44,-0.00011225546109458599,-0.00026947421551656034
56,46,3.0491376274165122e-05,0.00018701083843595889
56,48,0.00012270587531350478,-4.796761732543333e-05
56,50,-3.05682290632275e-05,0.00014645126879507585
56,52,-0.0001331556543860109,-0.00032671043876368816
56,54,3.0630142028535874e-05,0.00022462551608443904
56,56,0.00014357464356710886,-6.420869403133335e-05
57,-57,0.0004612086128352212,0.000468717757314099
57,-55,0.00043615184576390587,0.00042912944467055455
57,-53,-0.00044822559388558764,-0.0004570189891228208
57,-51,-0.00042147972926059695,-0.00041296212623976154
57,-49,0.00043639922453019426,0.00044677379375337436
57,-47,0.00040760343733717427,0.00039726245352528125
57,-45,-0.00042592623708034405,-0.00043812444833263303
57,-43,-0.00039417752154835605,-0.00038183798066012217
57,-41,0.00041675332136916095,0.00043127553593763076
57,-39,0.0003807243584953691,0.0003665630725935418
57,-37,-0.0004139365557178046,-0.0004278306777102928
57,-35,-0.00037032067944572754,-0.0003392345912605019
57,-33,0.0005042988491563802,0.0004233797768196586
57,-31,0.0005788380488612071,0.00048068224563819296
57,-29,-0.009631364572511568,-0.0003732571019494797
57,-27,-0.010544380097673531,-0.0048533464122964606
57,-25,-0.16404532387861936,-0.037795049484324265
57,-23,-0.15461967072384047,0.01405293840273874
57,-21,0.39551888338884045,0.15785184335287145
57,-19,0.3861870916288648,-0.7274916863436655
57,-17,6.48118646198702,-0.05549001879305175
57,-15,13.702809526266071,2.2565707636871473
57,-13,-22.05738330506521,-3.39940879799623
57,-11,-21.41264589761601,15.305913659406439
57,-9,-181.7984010599603,-75.89440292259866
57,-7,420.46428158613185,226.78691284390345
57,-5,1801.036092350308,1663.9196112271313
57,-3,597.8243045146409,720.4436490046667
57,-1,-8287.037825895346,-8686.759220146416
57,1,6417.509767854519,6270.235682980653
57,3,1142.6393979785985,1239.4354865635337
57,5,-1749.6108651836514,-1704.7115016988728
57,7,612.7072940504875,394.3268840033943
57,9,128.1172045038511,102.20698862011334
57,11,43.585765214353266,16.428775467361753
57,13,-12.85425060905818,-6.510976086991401
57,15,-18.367578543224383,-3.1583497009103376
57,17,-3.8654585277891074,0.9963855074100708
57,19,-0.5922282127256144,-1.5539884277365525
57,21,-0.5471026596224631,0.20677670019549904
57,23,-0.177679293793283,-0.01637696580322139
57,25,0.006780773134303558,0.02160335673587228
57,27,0.0010768826917960312,0.0014799443177637179
57,29,0.00613615401652249,2.6775916059940543e-05
57,31,0.00042160352511872855,0.00022601341330933997
57,33,-0.00046731550013105294,-0.0004976847704668638
57,35,-0.00035517592709259123,-0.00022530743315726242
57,37,0.00037717861451705393,0.00028988019640459583
57,39,0.0003967195965246612,0.0004936455135192364
57,41,-0.00041925906588093363,-0.0005726139063370443
57,43,-0.00044105689389091794,-0.00028517838195242664
57,45,0.00046037857681509265,0.000322451796861601
57,47,0.000488552008917674,0.0006303073283989885
57,49,-0.0005060749282349016,-0.0006917951332653697
57,51,-0.0005397320063230364,-0.0003517684462605869
57,53,0.0005560730545107167,0.0003766363466803201
57,55,0.000594814536817084,0.0007771433863227344
57,57,-0.0006101784568305722,-0.0008267953427207776
58,-58,0.0006615410889995064,0.000672479298749343
58,-56,-8.167971975864274e-10,-4.477449626372361e-08
58,-54,-0.0006154892178911845,-0.0006282296265143138
58,-52,-8.87240658546673e-10,3.442273466861016e-08
58,-50,0.0005694157503524973,0.0005844110720747374
58,-48,1.111139683084364e-09,-2.598877600316057e-08
58,-46,-0.0005234867218672385,-0.0005411770709330919
58,-44,2.3417330852204543e-09,1.864630448322116e-08
58,-42,0.00047773896495454087,0.0004987593613712494
58,-40,4.6995204145912334e-07,2.2621609418710134e-08
58,-38,-0.0004465359714769708,-0.0004587937882740626
58,-36,2.987446911426652e-06,3.4467168843478042e-06
58,-34,0.0005349260473752512,0.0005181643841983293
58,-32,-0.002004873898623775,0.00015960252614145726
58,-30,-0.0012629671531466696,-0.002233158872233524
58,-28,0.0045143613663493,-0.00018492866203516213
58,-26,0.16406340696356175,0.04760135009990892
58,-24,-0.21318317332676423,-0.01305293018571559
58,-22,0.32927942133531213,0.009536419819986621
58,-20,-1.1141101588236637,0.5473701196516672
58,-18,-6.528446352229203,5.6940046226141305
58,-16,4.2174109711591985,-5.120910362727982
58,-14,-38.9312802271976,-38.41533798348922
58,-12,-21.5653388939726,5.943383803170171
58,-10,58.18886752503977,60.870641374144135
58,-8,-111.16735588320796,7.2355634002872815
58,-6,-1378.7316221355136,-1517.5916918884461
58,-4,708.0989476689558,-20.846417343512147
58,-2,4130.966606136502,4275.230815560313
58,0,3175.9460024806954,3347.102141416957
58,2,1194.4971090226911,2008.2728982444055
58,4,82.72690206934455,-46.39369598009031
58,6,32.259601701303424,-384.44856406852307
58,8,-244.28703480323514,-176.52391781251401
58,10,-44.412708932257246,31.34432054580533
58,12,125.9834291605734,-7.364621006091276
58,14,11.175372700037169,-8.521557868113696
58,16,-12.934275709330116,5.002819496742988
58,18,-0.8619213906341453,-0.5432011681119906
58,20,-4.0817624157066215,-0.46858489083757726
58,22,-0.1550106928520923,0.19488776991200704
58,24,0.41695883341704765,-0.01299096341917927
58,26,0.012028211773578962,-0.026947748759459562
58,28,0.012734258863410128,-0.00037418943873532675
58,30,0.004374420531766457,0.0022854738585869096
58,32,-0.0012118180180229672,0.0003085757185423696
58,34,0.00016336258698187683,-0.00011506495352951294
58,36,7.705046371042161e-05,0.00016846481761395246
58,38,-2.780910356159382e-05,-0.0001456352517232234
58,40,-8.621556060893634e-05,3.347531502322474e-05
58,42,2.686458597570561e-05,-0.00010676791286729533
58,44,9.953472787001796e-05,0.0002331512796454803
58,46,-2.701880142137042e-05,-0.00018145776877257614
58,48,-0.000108816100652204,5.114240281962178e-05
58,50,2.708672225984303e-05,-0.00014396414037880654
58,52,0.00011803684663739317,0.00028912017727732853
58,54,-2.714070406603544e-05,-0.00021699648826357422
58,56,-0.00012725340217461864,6.723088155257277e-05
58,58,2.718378101359978e-05,-0.00017805270654555968
59,-59,0.0004081312105479563,0.00041496051484350845
59,-57,-0.00041785537233987195,-0.00041100195058493214
59,-55,-0.0003945298774617937,-0.0004025151181615581
59,-53,0.0004069746353327089,0.0003986450153120378
59,-51,0.0003816858889986105,0.000391058214537832
59,-49,-0.0003970498780584561,-0.00038693740704161706
59,-47,-0.00036982585959425206,-0.0003806403716929915
59,-45,0.0003879556536415289,0.0003757734514273345
59,-43,0.000358813598731978,0.00037135382622791984
59,-41,-0.0003849246358257487,-0.0003654503378234184
59,-39,-0.0003460627602509346,-0.000361369026462018
59,-37,0.00034413122718600456,0.0003845758363817428
59,-35,0.0004262013796955467,0.0001882271161568358
59,-33,0.045775836198175726,-0.00045984208315336193
59,-31,0.01180106459422582,0.002159234717909132
59,-29,-0.0074209243560667045,-0.003961027845395922
59,-27,-0.07412326734985905,0.02368828308473635
59,-25,0.28993737934934627,0.1456671683833497
59,-23,-0.8411265653617732,1.0834488574019723
59,-21,5.034598656011787,-1.598849878298288
59,-19,14.175938537436902,3.0120479033701626
59,-17,-87.92084630010096,-38.69208375896939
59,-15,32.0086450841372,33.500119881795726
59,-13,125.49859828901027,87.67137834458363
59,-11,232.49244751131081,-4.414210186712285
59,-9,-284.28557551192796,-448.19797574612227
59,-7,-522.9625738324144,-539.9559641815853
59,-5,2014.9842086118897,3843.7423053475586
59,-3,-14836.501716631781,-15641.315302588468
59,-1,-62164.567857691334,-64084.69829330868
59,1,43789.70420978473,46263.41823316288
59,3,-26980.45218111369,-27583.677407721723
59,5,-3403.870783781035,-3694.1141087570068
59,7,-619.3073832759737,-691.6904427021032
59,9,-334.72209121326233,480.1569071464793
59,11,-112.38464570025256,86.02606299111002
59,13,-110.05850148844455,-72.52042235381495
59,15,29.340890666092058,71.4249882259962
59,17,63.17457282450674,31.63320961328835
59,19,9.253841986363648,1.6039538752536564
59,21,3.816217086074232,1.3347891590302965
59,23,0.6632648337689142,0.2714280863405644
59,25,-0.17460805119671052,0.08566782246715461
59,27,-0.15694279936932254,0.009858672458396514
59,29,0.005105552709500539,-0.008212669594516837
59,31,-0.003432451472090028,-0.0005309141222083488
59,33,0.0007423937038365777,0.0005311207459581128
59,35,0.0009539986056857273,0.00021625338394508516
59,37,-0.00035466588911436877,-0.0002291552741765804
59,39,-0.0003431142937063537,-0.0004907727904587218
59,41,0.0003946311850637818,0.00047274226803118964
59,43,0.0003913453636184632,0.0002736704400090338
59,45,-0.0004085019636898694,-0.0002545275038906179
59,47,-0.00043124130061147117,-0.0005996117767912847
59,49,0.00044797950790646156,0.0005899477042155711
59,51,0.0004750610391803902,0.0003168073612767808
59,53,-0.0004906763718043837,-0.00030572062227173956
59,55,-0.0005225477209590372,-0.0007213613280386262
59,57,0.0005368954260083623,0.0007170557597951332
59,59,0.0005734336331024103,0.00037830689487569673
