0.9998369821920088
0.40911762093562914
0.226149886572943
0.2221585164452149
0.16248473121490006
0.1331924221228618
0.13716811128525644
0.16048837786251255
0.16846481339465552
0.21251505563745912
0.22302917277190426
0.2839971226971546
0.2998344606360428
0.37567334207176767
0.39383290374312485
0.49188477432861527
0.5157178122257104
0.6367825871445488
0.6650836069992127
0.8137326428703552
0.8480646721673086
1.0241919162443163
1.0639060829719957
1.2689813503404948
1.3147701191324312
1.5468722797974364
1.5977381332354352
1.8566210243894745
1.9130870752771776
2.1987058181021797
2.260822618863155
2.5755501409633506
2.643719348247134
2.988631021852056
3.0625949537933295
3.436639669753512
