0.9998369821920088
0.5935057020970991
0.5104961512551516
0.5218444185807768
0.5344537290615895
1.01374579761284
1.0324343516923604
1.0992037222577928
1.13831053582465
1.0701636772318224
1.12770467069654
1.123494189512778
1.194782463396122
1.2203988730940962
1.278445038150156
1.2897446381399826
1.3101703739616937
1.3265254102015813
1.327773283492834
1.3357403548860292
1.3404861859300903
1.3426978953004884
1.3473685700935936
1.353886349661888
1.3599814986218024
1.36438843072518
1.3756007018687555
1.379172697441359
1.384316609330771
1.3907360019466117
1.3932108639850138
1.3952561860121615
1.3990101813056304
1.3994462220317339
1.4046645580763655
1.4081269461083072
