1.009831286931392
0.4708300655718288
0.30092581160310244
0.3185261055318594
0.2666066823230038
0.20749600265240079
0.17964876074800304
0.19238810082473143
0.19576602571201387
0.16960688822822825
0.164265140134055
0.1837895897028728
0.1892588666107553
0.17969592907306647
0.19317789923771578
0.20265711953287502
0.22640797005478053
0.22909063787813688
0.2643122627444732
0.2832326365849863
0.3281702754293202
0.3426375371683005
0.38813962295679033
0.40453337210678064
0.4619202870126506
0.487199834562292
0.5477692223589653
0.5656845939098162
0.6232775760201749
0.6453492906312848
0.7127315042093443
0.7174192159250641
0.774664030566651
0.7863646436473444
0.8570861953147589
0.8798644199297729
