1.013296000737964
1.013296000737964
0.6769118534189973
0.5667202896227447
0.5320427776258719
0.5731605147300404
0.7484023082948813
0.7589867647516979
0.763720984402625
0.7368816960218613
0.7147680838321833
0.8056272397515322
0.7400029302452236
0.846489732116298
0.7761036100705819
0.8356022589031431
0.8028817632001011
0.8203535341384248
0.835363065958936
0.8448240615741341
0.8681029476217897
0.8758755235243562
0.8837777045316597
0.8801503108838808
0.8765699190142656
0.8743299967987246
0.869148896176513
0.87726802691478
0.8805395214616831
0.8898184000992461
0.8947830775611552
0.90208541551188
0.8979368846962341
0.9064959984077012
0.8979444094317381
0.9064798710201197
0.8990445499760025
