0.9996467314568781
0.40084224392967477
0.2185622500267191
0.2164092570054857
0.15613981512361633
0.11816820557737201
0.1108040988226898
0.09008104920487323
0.07679905411890083
0.07095103135301388
0.06115142826333065
0.054507996732909736
0.05049846006767801
0.0450432205837425
0.04107096837901158
0.03832850554294073
0.03492764835793749
0.03231851754606872
0.03036697805027224
0.028078953892054736
0.026250168052117172
0.02482137175184834
0.02319641136863648
0.021861147746427105
0.020771402542039703
0.01957028139906026
0.018557265498461154
0.01771495245566947
0.016793350101865008
0.016008718865005902
0.015335761072440524
0.014614528529054671
0.013985217842328165
0.013446147900600223
0.01286679363376298
0.012359341769341003
