0.9996467314568781
0.40084224392967477
0.2185622500267191
0.2164092570054857
0.15613981512361633
0.11816820557737201
0.1108040988226898
0.09008104920487323
0.07679905411890083
0.07095103135301388
0.06115142826333065
0.054507996732909736
0.05049846006767801
0.0450432205837425
0.04107096837901158
0.03832850554294073
0.03492764835793749
0.03231851754606872
0.03036697805027224
0.028078953892054736
0.026250168052117172
0.02482137175184834
0.02319641136863648
0.021861147746427105
0.020771402542039703
0.01957028139906026
0.018557265498461154
0.01771495245566947
0.016793350101865008
0.016008718865005902
0.015335761072440524
0.014614528529054671
0.013985217842328165
0.013446147900600223
0.01286679363376298
0.012359341769341003
0.9996545903869033
0.40100672021479794
0.21859108583463321
0.21639045856038078
0.15608581283606932
0.11792305697221644
0.11067656367659438
0.08995852598463687
0.07660940635497053
0.07083643421950993
0.061092657743059074
0.0544224936646621
0.05038516896971474
0.044965906632799424
0.04099644434068219
0.03826610948277003
0.03487194314639985
0.032288486787231126
0.030335768030145968
0.028056232259877786
0.026214851090646057
0.024835386263352435
0.023234494794038912
0.02189373851338799
0.020834763473459413
0.02053259825472518
0.02067855145596129
0.022318504985006437
0.02287872446748154
0.024005892480998273
0.024408018069988505
0.02616045729840083
0.02674306038441465
0.028123578354516603
0.028593107632358235
0.030447304593749683
