0.9996467314568781
0.6105006105768792
0.5332748362644097
0.4944205039195011
0.5096488897238435
0.9889255806385748
1.006970913764346
1.0813152103503358
1.1135358716490065
1.0483521698469078
1.0974897520824314
1.0920588784256546
1.1544811251908802
1.1813867597405259
1.2408134740049397
1.255513133551796
1.2742125448336437
1.291445463771346
1.2919862095572414
1.3007942334853049
1.3046513472646966
1.3038149467063476
1.3096905898157725
1.3134175141685505
1.3193693698355553
1.3241591275984659
1.3329631933304882
1.335323287109056
1.340211264363524
1.3449156316586806
1.3456582221775413
1.3490357510082276
1.3509931938334971
1.3512790831770327
1.3535813911189474
1.3554990631583959
0.9996545903869033
0.6098364343262284
0.5324068300475716
0.49549138580582586
0.510667157197872
0.989874359080595
1.0079269247109508
1.081989251441395
1.1144525668337582
1.049163735319175
1.098554694600962
1.0931641994473558
1.155882308216427
1.182649941335613
1.2421227031473088
1.2566838498700243
1.275355552605028
1.292543797875738
1.2930567886077673
1.3018578850346632
1.3057260136561224
1.3049078465492199
1.310765919250523
1.3145307028414803
1.3204770944645954
1.3252760428198584
1.334079945214702
1.336430832255489
1.3413347970786462
1.3460313565581028
1.3467752957308718
1.3501254792438342
1.352104410351331
1.3523552800938203
1.3546777360868596
1.3565949538409126
