1.013296000737964
0.6769118534189973
0.5667202896227447
0.5320427776258719
0.5731605147300404
0.7484023082948813
0.7589867647516979
0.763720984402625
0.7368816960218613
0.7147680838321833
0.8056272397515322
0.7400029302452236
0.846489732116298
0.7761036100705819
0.8356022589031431
0.8028817632001011
0.8203535341384248
0.835363065958936
0.8448240615741341
0.8681029476217897
0.8758755235243562
0.8837777045316597
0.8801503108838808
0.8765699190142656
0.8743299967987246
0.869148896176513
0.87726802691478
0.8805395214616831
0.8898184000992461
0.8947830775611552
0.90208541551188
0.8979368846962341
0.9064959984077012
0.8979444094317381
0.9064798710201197
0.8990445499760025
1.0132562277736932
0.6756722546521214
0.5658557289247623
0.5265300626266526
0.5672582217937192
0.7487315263255505
0.7570542686218271
0.7605555014370079
0.7359173185938108
0.7105563030942507
0.8113182628303992
0.7450154219844791
0.8522520033770756
0.781304471614661
0.84103167378404
0.8083828257639609
0.8257688640112341
0.8411298383818964
0.8505181079211767
0.8740503990157015
0.8818209059325153
0.889688606449417
0.8860629855747699
0.8822999100873932
0.8802120004838613
0.8748789140046975
0.8831754821706987
0.8865109545608088
0.8958155956018623
0.9008193761407858
0.9081064265237333
0.9039975155279486
0.9125185283057856
0.9039681812413457
0.9125336081283465
0.9050562753124015
