1.013296000737964
0.5219890975062814
0.36712103180949274
0.3631030785351152
0.3076901990603614
0.2770035059163274
0.25637951302438017
0.2322271787689928
0.2129795234604215
0.2000920576655886
0.18448715916965466
0.17303062730851335
0.16349569590996904
0.1533945325040765
0.14480509660784946
0.1383148445312715
0.13103313816820203
0.1247705350572531
0.11940541200372523
0.11426611565507962
0.10953007234267201
0.10529027013651626
0.10097569544648359
0.09749072838351658
0.09420380239605672
0.09066057424564783
0.08754638060431452
0.08507617489045255
0.08235348876136317
0.07966820936864429
0.07732417940862797
0.07525330700155382
0.07319103889966176
0.07109020908638802
0.0690858273374543
0.06753648169892167
